 1.00000000e-01  9.20709851e-04 
 1.04712855e-01  8.82487652e-04 
 1.09647820e-01  8.46002600e-04 
 1.14815362e-01  8.11175570e-04 
 1.20226443e-01  7.77930998e-04 
 1.25892541e-01  7.46196716e-04 
 1.31825674e-01  7.15903804e-04 
 1.38038426e-01  6.86986434e-04 
 1.44543977e-01  6.59381733e-04 
 1.51356125e-01  6.33029650e-04 
 1.58489319e-01  6.07872826e-04 
 1.65958691e-01  5.83856469e-04 
 1.73780083e-01  5.60928245e-04 
 1.81970086e-01  5.39038157e-04 
 1.90546072e-01  5.18138450e-04 
 1.99526231e-01  4.98183499e-04 
 2.08929613e-01  4.79129723e-04 
 2.18776162e-01  4.60935486e-04 
 2.29086765e-01  4.43561013e-04 
 2.39883292e-01  4.26968308e-04 
 2.51188643e-01  4.11121072e-04 
 2.63026799e-01  3.95984628e-04 
 2.75422870e-01  3.81525853e-04 
 2.88403150e-01  3.67713102e-04 
 3.01995172e-01  3.54516153e-04 
 3.16227766e-01  3.41906136e-04 
 3.31131121e-01  3.29855478e-04 
 3.46736850e-01  3.18337847e-04 
 3.63078055e-01  3.07328096e-04 
 3.80189396e-01  2.96802216e-04 
 3.98107171e-01  2.86737282e-04 
 4.16869383e-01  2.77111411e-04 
 4.36515832e-01  2.67903716e-04 
 4.57088190e-01  2.59094261e-04 
 4.78630092e-01  2.50664027e-04 
 5.01187234e-01  2.42594868e-04 
 5.24807460e-01  2.34869474e-04 
 5.49540874e-01  2.27471340e-04 
 5.75439937e-01  2.20384730e-04 
 6.02559586e-01  2.13594642e-04 
 6.30957344e-01  2.07086781e-04 
 6.60693448e-01  2.00847526e-04 
 6.91830971e-01  1.94863906e-04 
 7.24435960e-01  1.89123568e-04 
 7.58577575e-01  1.83614750e-04 
 7.94328235e-01  1.78326262e-04 
 8.31763771e-01  1.73247456e-04 
 8.70963590e-01  1.68368202e-04 
 9.12010839e-01  1.63678871e-04 
 9.54992586e-01  1.59170306e-04 
 1.00000000e+00  1.54833809e-04 
 1.04712855e+00  1.50661113e-04 
 1.09647820e+00  1.46644367e-04 
 1.14815362e+00  1.42776117e-04 
 1.20226443e+00  1.39049286e-04 
 1.25892541e+00  1.35457158e-04 
 1.31825674e+00  1.31993361e-04 
 1.38038426e+00  1.28651852e-04 
 1.44543977e+00  1.25426897e-04 
 1.51356125e+00  1.22313062e-04 
 1.58489319e+00  1.19305193e-04 
 1.65958691e+00  1.16398408e-04 
 1.73780083e+00  1.13588079e-04 
 1.81970086e+00  1.10869818e-04 
 1.90546072e+00  1.08239472e-04 
 1.99526231e+00  1.05693105e-04 
 2.08929613e+00  1.03226987e-04 
 2.18776162e+00  1.00837586e-04 
 2.29086765e+00  9.85215566e-05 
 2.39883292e+00  9.62757298e-05 
 2.51188643e+00  9.40971034e-05 
 2.63026799e+00  9.19828339e-05 
 2.75422870e+00  8.99302272e-05 
 2.88403150e+00  8.79367308e-05 
 3.01995172e+00  8.59999261e-05 
 3.16227766e+00  8.41175210e-05 
 3.31131121e+00  8.22873428e-05 
 3.46736850e+00  8.05073316e-05 
 3.63078055e+00  7.87755341e-05 
 3.80189396e+00  7.70900976e-05 
 3.98107171e+00  7.54492642e-05 
 4.16869383e+00  7.38513657e-05 
 4.36515832e+00  7.22948183e-05 
 4.57088190e+00  7.07781177e-05 
 4.78630092e+00  6.92998351e-05 
 5.01187234e+00  6.78586123e-05 
 5.24807460e+00  6.64531580e-05 
 5.49540874e+00  6.50822440e-05 
 5.75439937e+00  6.37447013e-05 
 6.02559586e+00  6.24394171e-05 
 6.30957344e+00  6.11653314e-05 
 6.60693448e+00  5.99214339e-05 
 6.91830971e+00  5.87067614e-05 
 7.24435960e+00  5.75203949e-05 
 7.58577575e+00  5.63614573e-05 
 7.94328235e+00  5.52291109e-05 
 8.31763771e+00  5.41225550e-05 
 8.70963590e+00  5.30410243e-05 
 9.12010839e+00  5.19837865e-05 
 9.54992586e+00  5.09501407e-05 
 1.00000000e+01  4.99394155e-05 
 1.04712855e+01  4.89509673e-05 
 1.09647820e+01  4.79841791e-05 
 1.14815362e+01  4.70384589e-05 
 1.20226443e+01  4.61132381e-05 
 1.25892541e+01  4.52079707e-05 
 1.31825674e+01  4.43221315e-05 
 1.38038426e+01  4.34552158e-05 
 1.44543977e+01  4.26067374e-05 
 1.51356125e+01  4.17762284e-05 
 1.58489319e+01  4.09632380e-05 
 1.65958691e+01  4.01673313e-05 
 1.73780083e+01  3.93880890e-05 
 1.81970086e+01  3.86251063e-05 
 1.90546072e+01  3.78779924e-05 
 1.99526231e+01  3.71463697e-05 
 2.08929613e+01  3.64298729e-05 
 2.18776162e+01  3.57281490e-05 
 2.29086765e+01  3.50408562e-05 
 2.39883292e+01  3.43676636e-05 
 2.51188643e+01  3.37082507e-05 
 2.63026799e+01  3.30623068e-05 
 2.75422870e+01  3.24295307e-05 
 2.88403150e+01  3.18096304e-05 
 3.01995172e+01  3.12023223e-05 
 3.16227766e+01  3.06073311e-05 
 3.31131121e+01  3.00243895e-05 
 3.46736850e+01  2.94532378e-05 
 3.63078055e+01  2.88936234e-05 
 3.80189396e+01  2.83453010e-05 
 3.98107171e+01  2.78080318e-05 
 4.16869383e+01  2.72815833e-05 
 4.36515832e+01  2.67657294e-05 
 4.57088190e+01  2.62602501e-05 
 4.78630092e+01  2.57649307e-05 
 5.01187234e+01  2.52795624e-05 
 5.24807460e+01  2.48039416e-05 
 5.49540874e+01  2.43378697e-05 
 5.75439937e+01  2.38811534e-05 
 6.02559586e+01  2.34336038e-05 
 6.30957344e+01  2.29950368e-05 
 6.60693448e+01  2.25652729e-05 
 6.91830971e+01  2.21441366e-05 
 7.24435960e+01  2.17314569e-05 
 7.58577575e+01  2.13270666e-05 
 7.94328235e+01  2.09308027e-05 
 8.31763771e+01  2.05425056e-05 
 8.70963590e+01  2.01620197e-05 
 9.12010839e+01  1.97891930e-05 
 9.54992586e+01  1.94238767e-05 
 1.00000000e+02  1.90659256e-05 
 1.04712855e+02  1.87151976e-05 
 1.09647820e+02  1.83715539e-05 
 1.14815362e+02  1.80348587e-05 
 1.20226443e+02  1.77049794e-05 
 1.25892541e+02  1.73817859e-05 
 1.31825674e+02  1.70651513e-05 
 1.38038426e+02  1.67549514e-05 
 1.44543977e+02  1.64510646e-05 
 1.51356125e+02  1.61533719e-05 
 1.58489319e+02  1.58617570e-05 
 1.65958691e+02  1.55761058e-05 
 1.73780083e+02  1.52963069e-05 
 1.81970086e+02  1.50222512e-05 
 1.90546072e+02  1.47538316e-05 
 1.99526231e+02  1.44909437e-05 
 2.08929613e+02  1.42334850e-05 
 2.18776162e+02  1.39813551e-05 
 2.29086765e+02  1.37344557e-05 
 2.39883292e+02  1.34926906e-05 
 2.51188643e+02  1.32559656e-05 
 2.63026799e+02  1.30241881e-05 
 2.75422870e+02  1.27972679e-05 
 2.88403150e+02  1.25751161e-05 
 3.01995172e+02  1.23576459e-05 
 3.16227766e+02  1.21447721e-05 
 3.31131121e+02  1.19364112e-05 
 3.46736850e+02  1.17324815e-05 
 3.63078055e+02  1.15329025e-05 
 3.80189396e+02  1.13375958e-05 
 3.98107171e+02  1.11464841e-05 
 4.16869383e+02  1.09594917e-05 
 4.36515832e+02  1.07765445e-05 
 4.57088190e+02  1.05975697e-05 
 4.78630092e+02  1.04224957e-05 
 5.01187234e+02  1.02512524e-05 
 5.24807460e+02  1.00837711e-05 
 5.49540874e+02  9.91998416e-06 
 5.75439937e+02  9.75982526e-06 
 6.02559586e+02  9.60322924e-06 
 6.30957344e+02  9.45013212e-06 
 6.60693448e+02  9.30047103e-06 
 6.91830971e+02  9.15418419e-06 
 7.24435960e+02  9.01121089e-06 
 7.58577575e+02  8.87149143e-06 
 7.94328235e+02  8.73496713e-06 
 8.31763771e+02  8.60158025e-06 
 8.70963590e+02  8.47127400e-06 
 9.12010839e+02  8.34399249e-06 
 9.54992586e+02  8.21968071e-06 
 1.00000000e+03  8.09828447e-06 
 1.04712855e+03  7.97975044e-06 
 1.09647820e+03  7.86402605e-06 
 1.14815362e+03  7.75105949e-06 
 1.20226443e+03  7.64079971e-06 
 1.25892541e+03  7.53319634e-06 
 1.31825674e+03  7.42819971e-06 
 1.38038426e+03  7.32576080e-06 
 1.44543977e+03  7.22583120e-06 
 1.51356125e+03  7.12836312e-06 
 1.58489319e+03  7.03330937e-06 
 1.65958691e+03  6.94062327e-06 
 1.73780083e+03  6.85025870e-06 
 1.81970086e+03  6.76217003e-06 
 1.90546072e+03  6.67631213e-06 
 1.99526231e+03  6.59264028e-06 
 2.08929613e+03  6.51111025e-06 
 2.18776162e+03  6.43167819e-06 
 2.29086765e+03  6.35430062e-06 
 2.39883292e+03  6.27893445e-06 
 2.51188643e+03  6.20553690e-06 
 2.63026799e+03  6.13406551e-06 
 2.75422870e+03  6.06447810e-06 
 2.88403150e+03  5.99673276e-06 
 3.01995172e+03  5.93078779e-06 
 3.16227766e+03  5.86660170e-06 
 3.31131121e+03  5.80413319e-06 
 3.46736850e+03  5.74334109e-06 
 3.63078055e+03  5.68418432e-06 
 3.80189396e+03  5.62662192e-06 
 3.98107171e+03  5.57061295e-06 
 4.16869383e+03  5.51611645e-06 
 4.36515832e+03  5.46309146e-06 
 4.57088190e+03  5.41149692e-06 
 4.78630092e+03  5.36129165e-06 
 5.01187234e+03  5.31243429e-06 
 5.24807460e+03  5.26488324e-06 
 5.49540874e+03  5.21859664e-06 
 5.75439937e+03  5.17353223e-06 
 6.02559586e+03  5.12964740e-06 
 6.30957344e+03  5.08689899e-06 
 6.60693448e+03  5.04524331e-06 
 6.91830971e+03  5.00463601e-06 
 7.24435960e+03  4.96503199e-06 
 7.58577575e+03  4.92638533e-06 
 7.94328235e+03  4.88864917e-06 
 8.31763771e+03  4.85177562e-06 
 8.70963590e+03  4.81571559e-06 
 9.12010839e+03  4.78041875e-06 
 9.54992586e+03  4.74583335e-06 
 1.00000000e+04  4.71190607e-06 
 1.04712855e+04  4.67858194e-06 
 1.09647820e+04  4.64580413e-06 
 1.14815362e+04  4.61351386e-06 
 1.20226443e+04  4.58165019e-06 
 1.25892541e+04  4.55014992e-06 
 1.31825674e+04  4.51894742e-06 
 1.38038426e+04  4.48797447e-06 
 1.44543977e+04  4.45716014e-06 
 1.51356125e+04  4.42643067e-06 
 1.58489319e+04  4.39570935e-06 
 1.65958691e+04  4.36491641e-06 
 1.73780083e+04  4.33396906e-06 
 1.81970086e+04  4.30278133e-06 
 1.90546072e+04  4.27126420e-06 
 1.99526231e+04  4.23932563e-06 
 2.08929613e+04  4.20687073e-06 
 2.18776162e+04  4.17380194e-06 
 2.29086765e+04  4.14001937e-06 
 2.39883292e+04  4.10542118e-06 
 2.51188643e+04  4.06990408e-06 
 2.63026799e+04  4.03336399e-06 
 2.75422870e+04  3.99569673e-06 
 2.88403150e+04  3.95679896e-06 
 3.01995172e+04  3.91656921e-06 
 3.16227766e+04  3.87490898e-06 
 3.31131121e+04  3.83172254e-06 
 3.46736850e+04  3.78692462e-06 
 3.63078055e+04  3.74043242e-06 
 3.80189396e+04  3.69217360e-06 
 3.98107171e+04  3.64208636e-06 
 4.16869383e+04  3.59012108e-06 
 4.36515832e+04  3.53624196e-06 
 4.57088190e+04  3.48042857e-06 
 4.78630092e+04  3.42267725e-06 
 5.01187234e+04  3.36300228e-06 
 5.24807460e+04  3.30143687e-06 
 5.49540874e+04  3.23803370e-06 
 5.75439937e+04  3.17286522e-06 
 6.02559586e+04  3.10602347e-06 
 6.30957344e+04  3.03761955e-06 
 6.60693448e+04  2.96778257e-06 
 6.91830971e+04  2.89665825e-06 
 7.24435960e+04  2.82440646e-06 
 7.58577575e+04  2.75120183e-06 
 7.94328235e+04  2.67722711e-06 
 8.31763771e+04  2.60267341e-06 
 8.70963590e+04  2.52773678e-06 
 9.12010839e+04  2.45261536e-06 
 9.54992586e+04  2.37750670e-06 
 1.00000000e+05  2.30260477e-06 
