1.000000e-02 -4.149855e+00 
1.047129e-02 -3.749975e+00 
1.096478e-02 -3.350106e+00 
1.148154e-02 -2.950250e+00 
1.202264e-02 -2.550408e+00 
1.258925e-02 -2.150581e+00 
1.318257e-02 -1.750770e+00 
1.380384e-02 -1.350978e+00 
1.445440e-02 -9.512064e-01 
1.513561e-02 -5.514564e-01 
1.584893e-02 -1.517306e-01 
1.659587e-02 2.479689e-01 
1.737801e-02 6.476393e-01 
1.819701e-02 1.047278e+00 
1.905461e-02 1.446882e+00 
1.995262e-02 1.846448e+00 
2.089296e-02 2.245971e+00 
2.187762e-02 2.645449e+00 
2.290868e-02 3.044877e+00 
2.398833e-02 3.444250e+00 
2.511886e-02 3.843562e+00 
2.630268e-02 4.242808e+00 
2.754229e-02 4.641981e+00 
2.884032e-02 5.041074e+00 
3.019952e-02 5.440081e+00 
3.162278e-02 5.838992e+00 
3.311311e-02 6.237798e+00 
3.467369e-02 6.636489e+00 
3.630781e-02 7.035055e+00 
3.801894e-02 7.433482e+00 
3.981072e-02 7.831759e+00 
4.168694e-02 8.229870e+00 
4.365158e-02 8.627800e+00 
4.570882e-02 9.025531e+00 
4.786301e-02 9.423044e+00 
5.011872e-02 9.820320e+00 
5.248075e-02 1.021733e+01 
5.495409e-02 1.061406e+01 
5.754399e-02 1.101048e+01 
6.025596e-02 1.140655e+01 
6.309573e-02 1.180225e+01 
6.606934e-02 1.219754e+01 
6.918310e-02 1.259238e+01 
7.244360e-02 1.298673e+01 
7.585776e-02 1.338054e+01 
7.943282e-02 1.377377e+01 
8.317638e-02 1.416635e+01 
8.709636e-02 1.455824e+01 
9.120108e-02 1.494936e+01 
9.549926e-02 1.533964e+01 
1.000000e-01 1.572901e+01 
1.047129e-01 1.611738e+01 
1.096478e-01 1.650467e+01 
1.148154e-01 1.689077e+01 
1.202264e-01 1.727558e+01 
1.258925e-01 1.765899e+01 
1.318257e-01 1.804088e+01 
1.380384e-01 1.842110e+01 
1.445440e-01 1.879951e+01 
1.513561e-01 1.917596e+01 
1.584893e-01 1.955029e+01 
1.659587e-01 1.992232e+01 
1.737801e-01 2.029185e+01 
1.819701e-01 2.065869e+01 
1.905461e-01 2.102261e+01 
1.995262e-01 2.138340e+01 
2.089296e-01 2.174081e+01 
2.187762e-01 2.209458e+01 
2.290868e-01 2.244445e+01 
2.398833e-01 2.279014e+01 
2.511886e-01 2.313137e+01 
2.630268e-01 2.346782e+01 
2.754229e-01 2.379920e+01 
2.884032e-01 2.412518e+01 
3.019952e-01 2.444544e+01 
3.162278e-01 2.475966e+01 
3.311311e-01 2.506751e+01 
3.467369e-01 2.536867e+01 
3.630781e-01 2.566282e+01 
3.801894e-01 2.594965e+01 
3.981072e-01 2.622886e+01 
4.168694e-01 2.650016e+01 
4.365158e-01 2.676330e+01 
4.570882e-01 2.701802e+01 
4.786301e-01 2.726413e+01 
5.011872e-01 2.750143e+01 
5.248075e-01 2.772977e+01 
5.495409e-01 2.794904e+01 
5.754399e-01 2.815915e+01 
6.025596e-01 2.836005e+01 
6.309573e-01 2.855176e+01 
6.606934e-01 2.873429e+01 
6.918310e-01 2.890773e+01 
7.244360e-01 2.907219e+01 
7.585776e-01 2.922780e+01 
7.943282e-01 2.937476e+01 
8.317638e-01 2.951326e+01 
8.709636e-01 2.964354e+01 
9.120108e-01 2.976587e+01 
9.549926e-01 2.988053e+01 
1.000000e+00 2.998780e+01 
1.047129e+00 3.008799e+01 
1.096478e+00 3.018143e+01 
1.148154e+00 3.026844e+01 
1.202264e+00 3.034934e+01 
1.258925e+00 3.042446e+01 
1.318257e+00 3.049413e+01 
1.380384e+00 3.055865e+01 
1.445440e+00 3.061834e+01 
1.513561e+00 3.067351e+01 
1.584893e+00 3.072444e+01 
1.659587e+00 3.077141e+01 
1.737801e+00 3.081470e+01 
1.819701e+00 3.085456e+01 
1.905461e+00 3.089124e+01 
1.995262e+00 3.092495e+01 
2.089296e+00 3.095594e+01 
2.187762e+00 3.098439e+01 
2.290868e+00 3.101050e+01 
2.398833e+00 3.103445e+01 
2.511886e+00 3.105641e+01 
2.630268e+00 3.107653e+01 
2.754229e+00 3.109497e+01 
2.884032e+00 3.111185e+01 
3.019952e+00 3.112730e+01 
3.162278e+00 3.114145e+01 
3.311311e+00 3.115438e+01 
3.467369e+00 3.116622e+01 
3.630781e+00 3.117704e+01 
3.801894e+00 3.118693e+01 
3.981072e+00 3.119597e+01 
4.168694e+00 3.120423e+01 
4.365158e+00 3.121178e+01 
4.570882e+00 3.121868e+01 
4.786301e+00 3.122498e+01 
5.011872e+00 3.123073e+01 
5.248075e+00 3.123598e+01 
5.495409e+00 3.124078e+01 
5.754399e+00 3.124516e+01 
6.025596e+00 3.124915e+01 
6.309573e+00 3.125280e+01 
6.606934e+00 3.125613e+01 
6.918310e+00 3.125917e+01 
7.244360e+00 3.126195e+01 
7.585776e+00 3.126448e+01 
7.943282e+00 3.126679e+01 
8.317638e+00 3.126890e+01 
8.709636e+00 3.127082e+01 
9.120108e+00 3.127258e+01 
9.549926e+00 3.127418e+01 
1.000000e+01 3.127564e+01 
1.047129e+01 3.127697e+01 
1.096478e+01 3.127819e+01 
1.148154e+01 3.127929e+01 
1.202264e+01 3.128031e+01 
1.258925e+01 3.128123e+01 
1.318257e+01 3.128207e+01 
1.380384e+01 3.128284e+01 
1.445440e+01 3.128354e+01 
1.513561e+01 3.128418e+01 
1.584893e+01 3.128476e+01 
1.659587e+01 3.128529e+01 
1.737801e+01 3.128578e+01 
1.819701e+01 3.128622e+01 
1.905461e+01 3.128662e+01 
1.995262e+01 3.128699e+01 
2.089296e+01 3.128733e+01 
2.187762e+01 3.128763e+01 
2.290868e+01 3.128791e+01 
2.398833e+01 3.128817e+01 
2.511886e+01 3.128840e+01 
2.630268e+01 3.128861e+01 
2.754229e+01 3.128880e+01 
2.884032e+01 3.128898e+01 
3.019952e+01 3.128914e+01 
3.162278e+01 3.128929e+01 
3.311311e+01 3.128942e+01 
3.467369e+01 3.128954e+01 
3.630781e+01 3.128965e+01 
3.801894e+01 3.128976e+01 
3.981072e+01 3.128985e+01 
4.168694e+01 3.128993e+01 
4.365158e+01 3.129001e+01 
4.570882e+01 3.129008e+01 
4.786301e+01 3.129014e+01 
5.011872e+01 3.129020e+01 
5.248075e+01 3.129025e+01 
5.495409e+01 3.129030e+01 
5.754399e+01 3.129035e+01 
6.025596e+01 3.129039e+01 
6.309573e+01 3.129042e+01 
6.606934e+01 3.129046e+01 
6.918310e+01 3.129049e+01 
7.244360e+01 3.129052e+01 
7.585776e+01 3.129054e+01 
7.943282e+01 3.129056e+01 
8.317638e+01 3.129058e+01 
8.709636e+01 3.129060e+01 
9.120108e+01 3.129062e+01 
9.549926e+01 3.129064e+01 
1.000000e+02 3.129065e+01 
1.047129e+02 3.129066e+01 
1.096478e+02 3.129068e+01 
1.148154e+02 3.129069e+01 
1.202264e+02 3.129070e+01 
1.258925e+02 3.129071e+01 
1.318257e+02 3.129071e+01 
1.380384e+02 3.129072e+01 
1.445440e+02 3.129073e+01 
1.513561e+02 3.129073e+01 
1.584893e+02 3.129074e+01 
1.659587e+02 3.129074e+01 
1.737801e+02 3.129075e+01 
1.819701e+02 3.129075e+01 
1.905461e+02 3.129075e+01 
1.995262e+02 3.129076e+01 
2.089296e+02 3.129076e+01 
2.187762e+02 3.129076e+01 
2.290868e+02 3.129076e+01 
2.398833e+02 3.129076e+01 
2.511886e+02 3.129076e+01 
2.630268e+02 3.129076e+01 
2.754229e+02 3.129076e+01 
2.884032e+02 3.129076e+01 
3.019952e+02 3.129076e+01 
3.162278e+02 3.129076e+01 
3.311311e+02 3.129076e+01 
3.467369e+02 3.129076e+01 
3.630781e+02 3.129075e+01 
3.801894e+02 3.129075e+01 
3.981072e+02 3.129075e+01 
4.168694e+02 3.129074e+01 
4.365158e+02 3.129074e+01 
4.570882e+02 3.129073e+01 
4.786301e+02 3.129073e+01 
5.011872e+02 3.129072e+01 
5.248075e+02 3.129071e+01 
5.495409e+02 3.129070e+01 
5.754399e+02 3.129070e+01 
6.025596e+02 3.129069e+01 
6.309573e+02 3.129068e+01 
6.606934e+02 3.129066e+01 
6.918310e+02 3.129065e+01 
7.244360e+02 3.129064e+01 
7.585776e+02 3.129062e+01 
7.943282e+02 3.129060e+01 
8.317638e+02 3.129058e+01 
8.709636e+02 3.129056e+01 
9.120108e+02 3.129054e+01 
9.549926e+02 3.129051e+01 
1.000000e+03 3.129048e+01 
1.047129e+03 3.129045e+01 
1.096478e+03 3.129042e+01 
1.148154e+03 3.129038e+01 
1.202264e+03 3.129034e+01 
1.258925e+03 3.129030e+01 
1.318257e+03 3.129025e+01 
1.380384e+03 3.129019e+01 
1.445440e+03 3.129014e+01 
1.513561e+03 3.129007e+01 
1.584893e+03 3.129000e+01 
1.659587e+03 3.128992e+01 
1.737801e+03 3.128984e+01 
1.819701e+03 3.128974e+01 
1.905461e+03 3.128964e+01 
1.995262e+03 3.128953e+01 
2.089296e+03 3.128940e+01 
2.187762e+03 3.128927e+01 
2.290868e+03 3.128912e+01 
2.398833e+03 3.128896e+01 
2.511886e+03 3.128878e+01 
2.630268e+03 3.128859e+01 
2.754229e+03 3.128837e+01 
2.884032e+03 3.128814e+01 
3.019952e+03 3.128788e+01 
3.162278e+03 3.128760e+01 
3.311311e+03 3.128729e+01 
3.467369e+03 3.128695e+01 
3.630781e+03 3.128658e+01 
3.801894e+03 3.128617e+01 
3.981072e+03 3.128572e+01 
4.168694e+03 3.128523e+01 
4.365158e+03 3.128469e+01 
4.570882e+03 3.128410e+01 
4.786301e+03 3.128346e+01 
5.011872e+03 3.128275e+01 
5.248075e+03 3.128197e+01 
5.495409e+03 3.128112e+01 
5.754399e+03 3.128019e+01 
6.025596e+03 3.127916e+01 
6.309573e+03 3.127804e+01 
6.606934e+03 3.127681e+01 
6.918310e+03 3.127546e+01 
7.244360e+03 3.127399e+01 
7.585776e+03 3.127237e+01 
7.943282e+03 3.127059e+01 
8.317638e+03 3.126865e+01 
8.709636e+03 3.126652e+01 
9.120108e+03 3.126418e+01 
9.549926e+03 3.126162e+01 
1.000000e+04 3.125881e+01 
1.047129e+04 3.125574e+01 
1.096478e+04 3.125237e+01 
1.148154e+04 3.124868e+01 
1.202264e+04 3.124464e+01 
1.258925e+04 3.124021e+01 
1.318257e+04 3.123536e+01 
1.380384e+04 3.123005e+01 
1.445440e+04 3.122423e+01 
1.513561e+04 3.121786e+01 
1.584893e+04 3.121088e+01 
1.659587e+04 3.120325e+01 
1.737801e+04 3.119490e+01 
1.819701e+04 3.118575e+01 
1.905461e+04 3.117575e+01 
1.995262e+04 3.116481e+01 
2.089296e+04 3.115285e+01 
2.187762e+04 3.113976e+01 
2.290868e+04 3.112547e+01 
2.398833e+04 3.110984e+01 
2.511886e+04 3.109278e+01 
2.630268e+04 3.107414e+01 
2.754229e+04 3.105380e+01 
2.884032e+04 3.103160e+01 
3.019952e+04 3.100739e+01 
3.162278e+04 3.098100e+01 
3.311311e+04 3.095225e+01 
3.467369e+04 3.092094e+01 
3.630781e+04 3.088687e+01 
3.801894e+04 3.084981e+01 
3.981072e+04 3.080954e+01 
4.168694e+04 3.076581e+01 
4.365158e+04 3.071836e+01 
4.570882e+04 3.066693e+01 
4.786301e+04 3.061122e+01 
5.011872e+04 3.055094e+01 
5.248075e+04 3.048580e+01 
5.495409e+04 3.041549e+01 
5.754399e+04 3.033967e+01 
6.025596e+04 3.025803e+01 
6.309573e+04 3.017025e+01 
6.606934e+04 3.007599e+01 
6.918310e+04 2.997494e+01 
7.244360e+04 2.986678e+01 
7.585776e+04 2.975119e+01 
7.943282e+04 2.962790e+01 
8.317638e+04 2.949661e+01 
8.709636e+04 2.935709e+01 
9.120108e+04 2.920908e+01 
9.549926e+04 2.905239e+01 
1.000000e+05 2.888684e+01 
1.047129e+05 2.871229e+01 
1.096478e+05 2.852863e+01 
1.148154e+05 2.833581e+01 
1.202264e+05 2.813377e+01 
1.258925e+05 2.792255e+01 
1.318257e+05 2.770217e+01 
1.380384e+05 2.747274e+01 
1.445440e+05 2.723436e+01 
1.513561e+05 2.698720e+01 
1.584893e+05 2.673145e+01 
1.659587e+05 2.646732e+01 
1.737801e+05 2.619506e+01 
1.819701e+05 2.591494e+01 
1.905461e+05 2.562723e+01 
1.995262e+05 2.533225e+01 
2.089296e+05 2.503029e+01 
2.187762e+05 2.472170e+01 
2.290868e+05 2.440678e+01 
2.398833e+05 2.408586e+01 
2.511886e+05 2.375927e+01 
2.630268e+05 2.342734e+01 
2.754229e+05 2.309038e+01 
2.884032e+05 2.274869e+01 
3.019952e+05 2.240258e+01 
3.162278e+05 2.205234e+01 
3.311311e+05 2.169825e+01 
3.467369e+05 2.134056e+01 
3.630781e+05 2.097955e+01 
3.801894e+05 2.061544e+01 
3.981072e+05 2.024846e+01 
4.168694e+05 1.987883e+01 
4.365158e+05 1.950676e+01 
4.570882e+05 1.913243e+01 
4.786301e+05 1.875602e+01 
5.011872e+05 1.837770e+01 
5.248075e+05 1.799763e+01 
5.495409e+05 1.761594e+01 
5.754399e+05 1.723278e+01 
6.025596e+05 1.684828e+01 
6.309573e+05 1.646254e+01 
6.606934e+05 1.607568e+01 
6.918310e+05 1.568780e+01 
7.244360e+05 1.529900e+01 
7.585776e+05 1.490935e+01 
7.943282e+05 1.451896e+01 
8.317638e+05 1.412788e+01 
8.709636e+05 1.373620e+01 
9.120108e+05 1.334398e+01 
9.549926e+05 1.295129e+01 
1.000000e+06 1.255817e+01 
1.047129e+06 1.216470e+01 
1.096478e+06 1.177092e+01 
1.148154e+06 1.137688e+01 
1.202264e+06 1.098264e+01 
1.258925e+06 1.058824e+01 
1.318257e+06 1.019372e+01 
1.380384e+06 9.799145e+00 
1.445440e+06 9.404544e+00 
1.513561e+06 9.009966e+00 
1.584893e+06 8.615457e+00 
1.659587e+06 8.221062e+00 
1.737801e+06 7.826828e+00 
1.819701e+06 7.432802e+00 
1.905461e+06 7.039035e+00 
1.995262e+06 6.645576e+00 
2.089296e+06 6.252480e+00 
2.187762e+06 5.859804e+00 
2.290868e+06 5.467607e+00 
2.398833e+06 5.075952e+00 
2.511886e+06 4.684907e+00 
2.630268e+06 4.294544e+00 
2.754229e+06 3.904939e+00 
2.884032e+06 3.516175e+00 
3.019952e+06 3.128341e+00 
3.162278e+06 2.741530e+00 
3.311311e+06 2.355846e+00 
3.467369e+06 1.971398e+00 
3.630781e+06 1.588303e+00 
3.801894e+06 1.206688e+00 
3.981072e+06 8.266901e-01 
4.168694e+06 4.484541e-01 
4.365158e+06 7.213680e-02 
4.570882e+06 -3.020944e-01 
4.786301e+06 -6.740604e-01 
5.011872e+06 -1.043570e+00 
5.248075e+06 -1.410421e+00 
5.495409e+06 -1.774396e+00 
5.754399e+06 -2.135267e+00 
6.025596e+06 -2.492792e+00 
6.309573e+06 -2.846718e+00 
6.606934e+06 -3.196776e+00 
6.918310e+06 -3.542689e+00 
7.244360e+06 -3.884167e+00 
7.585776e+06 -4.220908e+00 
7.943282e+06 -4.552604e+00 
8.317638e+06 -4.878938e+00 
8.709636e+06 -5.199588e+00 
9.120108e+06 -5.514228e+00 
9.549926e+06 -5.822531e+00 
1.000000e+07 -6.124172e+00 
1.047129e+07 -6.418831e+00 
1.096478e+07 -6.706197e+00 
1.148154e+07 -6.985970e+00 
1.202264e+07 -7.257865e+00 
1.258925e+07 -7.521616e+00 
1.318257e+07 -7.776982e+00 
1.380384e+07 -8.023744e+00 
1.445440e+07 -8.261716e+00 
1.513561e+07 -8.490741e+00 
1.584893e+07 -8.710701e+00 
1.659587e+07 -8.921509e+00 
1.737801e+07 -9.123122e+00 
1.819701e+07 -9.315531e+00 
1.905461e+07 -9.498768e+00 
1.995262e+07 -9.672905e+00 
2.089296e+07 -9.838047e+00 
2.187762e+07 -9.994339e+00 
2.290868e+07 -1.014196e+01 
2.398833e+07 -1.028110e+01 
2.511886e+07 -1.041202e+01 
2.630268e+07 -1.053495e+01 
2.754229e+07 -1.065019e+01 
2.884032e+07 -1.075803e+01 
3.019952e+07 -1.085876e+01 
3.162278e+07 -1.095271e+01 
3.311311e+07 -1.104021e+01 
3.467369e+07 -1.112158e+01 
3.630781e+07 -1.119714e+01 
3.801894e+07 -1.126721e+01 
3.981072e+07 -1.133212e+01 
4.168694e+07 -1.139218e+01 
4.365158e+07 -1.144769e+01 
4.570882e+07 -1.149894e+01 
4.786301e+07 -1.154621e+01 
5.011872e+07 -1.158978e+01 
5.248075e+07 -1.162990e+01 
5.495409e+07 -1.166681e+01 
5.754399e+07 -1.170075e+01 
6.025596e+07 -1.173194e+01 
6.309573e+07 -1.176058e+01 
6.606934e+07 -1.178687e+01 
6.918310e+07 -1.181098e+01 
7.244360e+07 -1.183309e+01 
7.585776e+07 -1.185335e+01 
7.943282e+07 -1.187191e+01 
8.317638e+07 -1.188891e+01 
8.709636e+07 -1.190447e+01 
9.120108e+07 -1.191871e+01 
9.549926e+07 -1.193174e+01 
1.000000e+08 -1.194366e+01 
