1.000000e+00 -2.667169e+02 
1.047129e+00 -2.842836e+02 
1.096478e+00 -2.746190e+02 
1.148154e+00 -2.748055e+02 
1.202264e+00 -2.704254e+02 
1.258925e+00 -2.750297e+02 
1.318257e+00 -2.769791e+02 
1.380384e+00 -2.675549e+02 
1.445440e+00 -2.829283e+02 
1.513561e+00 -2.786419e+02 
1.584893e+00 -2.671016e+02 
1.659587e+00 -2.803893e+02 
1.737801e+00 -2.691379e+02 
1.819701e+00 -2.781844e+02 
1.905461e+00 -2.872254e+02 
1.995262e+00 -2.668600e+02 
2.089296e+00 -2.770403e+02 
2.187762e+00 -2.761380e+02 
2.290868e+00 -2.642206e+02 
2.398833e+00 -2.689819e+02 
2.511886e+00 -2.689500e+02 
2.630268e+00 -2.757520e+02 
2.754229e+00 -2.660038e+02 
2.884032e+00 -2.818258e+02 
3.019952e+00 -2.724708e+02 
3.162278e+00 -2.690057e+02 
3.311311e+00 -2.755479e+02 
3.467369e+00 -2.746170e+02 
3.630781e+00 -2.890401e+02 
3.801894e+00 -2.805028e+02 
3.981072e+00 -2.823757e+02 
4.168694e+00 -2.830871e+02 
4.365158e+00 -2.735221e+02 
4.570882e+00 -2.809869e+02 
4.786301e+00 -2.893467e+02 
5.011872e+00 -2.671791e+02 
5.248075e+00 -2.728517e+02 
5.495409e+00 -2.718177e+02 
5.754399e+00 -2.681622e+02 
6.025596e+00 -2.665770e+02 
6.309573e+00 -2.721647e+02 
6.606934e+00 -2.715126e+02 
6.918310e+00 -2.820346e+02 
7.244360e+00 -2.781188e+02 
7.585776e+00 -2.754744e+02 
7.943282e+00 -2.735733e+02 
8.317638e+00 -2.654958e+02 
8.709636e+00 -2.708295e+02 
9.120108e+00 -2.610961e+02 
9.549926e+00 -2.840585e+02 
1.000000e+01 -2.739322e+02 
1.047129e+01 -2.793515e+02 
1.096478e+01 -2.777764e+02 
1.148154e+01 -2.772345e+02 
1.202264e+01 -2.755476e+02 
1.258925e+01 -2.798901e+02 
1.318257e+01 -2.686280e+02 
1.380384e+01 -2.827828e+02 
1.445440e+01 -2.729654e+02 
1.513561e+01 -2.863215e+02 
1.584893e+01 -2.884292e+02 
1.659587e+01 -2.903371e+02 
1.737801e+01 -2.715358e+02 
1.819701e+01 -2.987813e+02 
1.905461e+01 -2.707882e+02 
1.995262e+01 -2.710232e+02 
2.089296e+01 -2.647652e+02 
2.187762e+01 -2.960637e+02 
2.290868e+01 -2.936692e+02 
2.398833e+01 -2.645262e+02 
2.511886e+01 -2.700575e+02 
2.630268e+01 -2.720355e+02 
2.754229e+01 -2.883753e+02 
2.884032e+01 -2.697369e+02 
3.019952e+01 -2.724303e+02 
3.162278e+01 -2.862971e+02 
3.311311e+01 -2.694753e+02 
3.467369e+01 -2.852455e+02 
3.630781e+01 -2.847253e+02 
3.801894e+01 -2.843801e+02 
3.981072e+01 -2.840395e+02 
4.168694e+01 -2.731995e+02 
4.365158e+01 -2.660154e+02 
4.570882e+01 -2.689971e+02 
4.786301e+01 -2.826511e+02 
5.011872e+01 -2.688656e+02 
5.248075e+01 -2.637756e+02 
5.495409e+01 -2.687232e+02 
5.754399e+01 -2.686559e+02 
6.025596e+01 -2.810928e+02 
6.309573e+01 -2.807817e+02 
6.606934e+01 -2.804524e+02 
6.918310e+01 -2.746373e+02 
7.244360e+01 -2.748259e+02 
7.585776e+01 -2.794121e+02 
7.943282e+01 -2.680490e+02 
8.317638e+01 -2.786559e+02 
8.709636e+01 -2.678191e+02 
9.120108e+01 -2.778398e+02 
9.549926e+01 -2.675621e+02 
1.000000e+02 -2.769127e+02 
1.047129e+02 -2.675506e+02 
1.096478e+02 -2.760536e+02 
1.148154e+02 -2.755734e+02 
1.202264e+02 -2.667333e+02 
1.258925e+02 -2.745565e+02 
1.318257e+02 -2.740226e+02 
1.380384e+02 -2.828227e+02 
1.445440e+02 -2.729120e+02 
1.513561e+02 -2.874018e+02 
1.584893e+02 -2.717443e+02 
1.659587e+02 -2.707154e+02 
1.737801e+02 -2.705250e+02 
1.819701e+02 -2.889211e+02 
1.905461e+02 -2.640297e+02 
1.995262e+02 -2.636655e+02 
2.089296e+02 -2.755121e+02 
2.187762e+02 -2.672703e+02 
2.290868e+02 -2.799905e+02 
2.398833e+02 -2.842326e+02 
2.511886e+02 -2.945148e+02 
2.630268e+02 -2.701174e+02 
2.754229e+02 -2.737454e+02 
2.884032e+02 -2.765166e+02 
3.019952e+02 -2.663683e+02 
3.162278e+02 -2.645930e+02 
3.311311e+02 -2.641338e+02 
3.467369e+02 -2.774811e+02 
3.630781e+02 -2.842048e+02 
3.801894e+02 -2.643808e+02 
3.981072e+02 -2.769472e+02 
4.168694e+02 -2.717330e+02 
4.365158e+02 -2.682435e+02 
4.570882e+02 -2.722730e+02 
4.786301e+02 -2.789063e+02 
5.011872e+02 -3.030931e+02 
5.248075e+02 -2.666043e+02 
5.495409e+02 -2.798024e+02 
5.754399e+02 -2.878162e+02 
6.025596e+02 -3.062668e+02 
6.309573e+02 -2.651502e+02 
6.606934e+02 -3.003340e+02 
6.918310e+02 -2.700234e+02 
7.244360e+02 -2.800063e+02 
7.585776e+02 -2.738695e+02 
7.943282e+02 -2.658506e+02 
8.317638e+02 -2.724122e+02 
8.709636e+02 -2.748234e+02 
9.120108e+02 -2.752628e+02 
9.549926e+02 -2.834924e+02 
1.000000e+03 -2.883335e+02 
1.047129e+03 -2.736983e+02 
1.096478e+03 -2.758072e+02 
1.148154e+03 -2.810789e+02 
1.202264e+03 -2.892372e+02 
1.258925e+03 -2.880553e+02 
1.318257e+03 -2.706847e+02 
1.380384e+03 -2.772878e+02 
1.445440e+03 -2.756854e+02 
1.513561e+03 -2.655985e+02 
1.584893e+03 -2.658718e+02 
1.659587e+03 -2.811893e+02 
1.737801e+03 -2.777861e+02 
1.819701e+03 -2.687258e+02 
1.905461e+03 -2.720222e+02 
1.995262e+03 -2.813836e+02 
2.089296e+03 -2.795470e+02 
2.187762e+03 -2.713305e+02 
2.290868e+03 -2.681737e+02 
2.398833e+03 -2.708304e+02 
2.511886e+03 -2.909538e+02 
2.630268e+03 -2.815708e+02 
2.754229e+03 -2.732866e+02 
2.884032e+03 -2.652520e+02 
3.019952e+03 -2.766739e+02 
3.162278e+03 -2.641970e+02 
3.311311e+03 -2.700249e+02 
3.467369e+03 -2.759489e+02 
3.630781e+03 -2.734026e+02 
3.801894e+03 -2.705140e+02 
3.981072e+03 -2.775571e+02 
4.168694e+03 -2.669625e+02 
4.365158e+03 -2.744288e+02 
4.570882e+03 -2.903889e+02 
4.786301e+03 -2.776234e+02 
5.011872e+03 -2.829425e+02 
5.248075e+03 -2.846623e+02 
5.495409e+03 -2.787996e+02 
5.754399e+03 -2.731254e+02 
6.025596e+03 -2.799475e+02 
6.309573e+03 -2.872314e+02 
6.606934e+03 -2.696026e+02 
6.918310e+03 -2.789242e+02 
7.244360e+03 -2.668802e+02 
7.585776e+03 -2.815832e+02 
7.943282e+03 -2.645825e+02 
8.317638e+03 -2.823354e+02 
8.709636e+03 -2.689720e+02 
9.120108e+03 -2.703318e+02 
9.549926e+03 -2.880736e+02 
1.000000e+04 -2.673272e+02 
