5.000000e-01 2.070072e-05 
5.116465e-01 2.054293e-05 
5.235643e-01 2.038470e-05 
5.357597e-01 2.022611e-05 
5.482391e-01 2.006727e-05 
5.610092e-01 1.990825e-05 
5.740768e-01 1.974913e-05 
5.874488e-01 1.959000e-05 
6.011322e-01 1.943093e-05 
6.151344e-01 1.927199e-05 
6.294627e-01 1.911325e-05 
6.441248e-01 1.895477e-05 
6.591284e-01 1.879662e-05 
6.744814e-01 1.863885e-05 
6.901921e-01 1.848151e-05 
7.062688e-01 1.832466e-05 
7.227199e-01 1.816835e-05 
7.395542e-01 1.801262e-05 
7.567806e-01 1.785751e-05 
7.744083e-01 1.770307e-05 
7.924466e-01 1.754934e-05 
8.109050e-01 1.739634e-05 
8.297935e-01 1.724412e-05 
8.491218e-01 1.709270e-05 
8.689004e-01 1.694212e-05 
8.891397e-01 1.679240e-05 
9.098504e-01 1.664356e-05 
9.310436e-01 1.649564e-05 
9.527304e-01 1.634865e-05 
9.749223e-01 1.620260e-05 
9.976312e-01 1.605753e-05 
1.020869e+00 1.591345e-05 
1.044648e+00 1.577037e-05 
1.068981e+00 1.562830e-05 
1.093881e+00 1.548727e-05 
1.119361e+00 1.534727e-05 
1.145434e+00 1.520833e-05 
1.172114e+00 1.507045e-05 
1.199416e+00 1.493364e-05 
1.227354e+00 1.479791e-05 
1.255943e+00 1.466326e-05 
1.285198e+00 1.452969e-05 
1.315134e+00 1.439722e-05 
1.345767e+00 1.426585e-05 
1.377114e+00 1.413558e-05 
1.409191e+00 1.400641e-05 
1.442016e+00 1.387834e-05 
1.475605e+00 1.375138e-05 
1.509976e+00 1.362552e-05 
1.545148e+00 1.350077e-05 
1.581139e+00 1.337712e-05 
1.617968e+00 1.325458e-05 
1.655656e+00 1.313313e-05 
1.694221e+00 1.301279e-05 
1.733684e+00 1.289355e-05 
1.774067e+00 1.277539e-05 
1.815390e+00 1.265833e-05 
1.857676e+00 1.254236e-05 
1.900947e+00 1.242747e-05 
1.945226e+00 1.231366e-05 
1.990536e+00 1.220093e-05 
2.036901e+00 1.208926e-05 
2.084347e+00 1.197866e-05 
2.132898e+00 1.186912e-05 
2.182579e+00 1.176064e-05 
2.233418e+00 1.165320e-05 
2.285441e+00 1.154681e-05 
2.338676e+00 1.144146e-05 
2.393150e+00 1.133713e-05 
2.448894e+00 1.123384e-05 
2.505936e+00 1.113156e-05 
2.564307e+00 1.103030e-05 
2.624037e+00 1.093004e-05 
2.685159e+00 1.083078e-05 
2.747704e+00 1.073251e-05 
2.811707e+00 1.063523e-05 
2.877200e+00 1.053893e-05 
2.944218e+00 1.044361e-05 
3.012798e+00 1.034924e-05 
3.082975e+00 1.025584e-05 
3.154787e+00 1.016339e-05 
3.228271e+00 1.007189e-05 
3.303467e+00 9.981317e-06 
3.380415e+00 9.891679e-06 
3.459155e+00 9.802965e-06 
3.539729e+00 9.715167e-06 
3.622180e+00 9.628279e-06 
3.706551e+00 9.542293e-06 
3.792888e+00 9.457202e-06 
3.881236e+00 9.372999e-06 
3.971641e+00 9.289677e-06 
4.064153e+00 9.207228e-06 
4.158819e+00 9.125647e-06 
4.255690e+00 9.044925e-06 
4.354818e+00 8.965055e-06 
4.456255e+00 8.886031e-06 
4.560054e+00 8.807846e-06 
4.666272e+00 8.730493e-06 
4.774963e+00 8.653964e-06 
4.886186e+00 8.578253e-06 
5.000000e+00 8.503353e-06 
5.116465e+00 8.429257e-06 
5.235643e+00 8.355959e-06 
5.357597e+00 8.283450e-06 
5.482391e+00 8.211726e-06 
5.610092e+00 8.140779e-06 
5.740768e+00 8.070602e-06 
5.874488e+00 8.001189e-06 
6.011322e+00 7.932533e-06 
6.151344e+00 7.864628e-06 
6.294627e+00 7.797466e-06 
6.441248e+00 7.731043e-06 
6.591284e+00 7.665351e-06 
6.744814e+00 7.600384e-06 
6.901921e+00 7.536135e-06 
7.062688e+00 7.472599e-06 
7.227199e+00 7.409769e-06 
7.395542e+00 7.347639e-06 
7.567806e+00 7.286202e-06 
7.744083e+00 7.225453e-06 
7.924466e+00 7.165386e-06 
8.109050e+00 7.105994e-06 
8.297935e+00 7.047271e-06 
8.491218e+00 6.989213e-06 
8.689004e+00 6.931812e-06 
8.891397e+00 6.875063e-06 
9.098504e+00 6.818960e-06 
9.310436e+00 6.763497e-06 
9.527304e+00 6.708669e-06 
9.749223e+00 6.654470e-06 
9.976312e+00 6.600894e-06 
1.020869e+01 6.547936e-06 
1.044648e+01 6.495591e-06 
1.068981e+01 6.443852e-06 
1.093881e+01 6.392714e-06 
1.119361e+01 6.342172e-06 
1.145434e+01 6.292221e-06 
1.172114e+01 6.242855e-06 
1.199416e+01 6.194068e-06 
1.227354e+01 6.145857e-06 
1.255943e+01 6.098215e-06 
1.285198e+01 6.051137e-06 
1.315134e+01 6.004618e-06 
1.345767e+01 5.958653e-06 
1.377114e+01 5.913237e-06 
1.409191e+01 5.868365e-06 
1.442016e+01 5.824032e-06 
1.475605e+01 5.780233e-06 
1.509976e+01 5.736963e-06 
1.545148e+01 5.694218e-06 
1.581139e+01 5.651992e-06 
1.617968e+01 5.610280e-06 
1.655656e+01 5.569078e-06 
1.694221e+01 5.528382e-06 
1.733684e+01 5.488186e-06 
1.774067e+01 5.448486e-06 
1.815390e+01 5.409276e-06 
1.857676e+01 5.370554e-06 
1.900947e+01 5.332313e-06 
1.945226e+01 5.294550e-06 
1.990536e+01 5.257260e-06 
2.036901e+01 5.220439e-06 
2.084347e+01 5.184081e-06 
2.132898e+01 5.148183e-06 
2.182579e+01 5.112741e-06 
2.233418e+01 5.077749e-06 
2.285441e+01 5.043204e-06 
2.338676e+01 5.009101e-06 
2.393150e+01 4.975437e-06 
2.448894e+01 4.942206e-06 
2.505936e+01 4.909405e-06 
2.564307e+01 4.877029e-06 
2.624037e+01 4.845075e-06 
2.685159e+01 4.813538e-06 
2.747704e+01 4.782413e-06 
2.811707e+01 4.751698e-06 
2.877200e+01 4.721388e-06 
2.944218e+01 4.691479e-06 
3.012798e+01 4.661967e-06 
3.082975e+01 4.632848e-06 
3.154787e+01 4.604118e-06 
3.228271e+01 4.575773e-06 
3.303467e+01 4.547809e-06 
3.380415e+01 4.520223e-06 
3.459155e+01 4.493010e-06 
3.539729e+01 4.466167e-06 
3.622180e+01 4.439690e-06 
3.706551e+01 4.413575e-06 
3.792888e+01 4.387818e-06 
3.881236e+01 4.362416e-06 
3.971641e+01 4.337365e-06 
4.064153e+01 4.312661e-06 
4.158819e+01 4.288301e-06 
4.255690e+01 4.264280e-06 
4.354818e+01 4.240596e-06 
4.456255e+01 4.217245e-06 
4.560054e+01 4.194222e-06 
4.666272e+01 4.171526e-06 
4.774963e+01 4.149151e-06 
4.886186e+01 4.127095e-06 
5.000000e+01 4.105354e-06 
5.116465e+01 4.083925e-06 
5.235643e+01 4.062803e-06 
5.357597e+01 4.041987e-06 
5.482391e+01 4.021471e-06 
5.610092e+01 4.001254e-06 
5.740768e+01 3.981331e-06 
5.874488e+01 3.961700e-06 
6.011322e+01 3.942356e-06 
6.151344e+01 3.923297e-06 
6.294627e+01 3.904519e-06 
6.441248e+01 3.886019e-06 
6.591284e+01 3.867794e-06 
6.744814e+01 3.849840e-06 
6.901921e+01 3.832155e-06 
7.062688e+01 3.814736e-06 
7.227199e+01 3.797578e-06 
7.395542e+01 3.780679e-06 
7.567806e+01 3.764036e-06 
7.744083e+01 3.747646e-06 
7.924466e+01 3.731505e-06 
8.109050e+01 3.715611e-06 
8.297935e+01 3.699961e-06 
8.491218e+01 3.684551e-06 
8.689004e+01 3.669379e-06 
8.891397e+01 3.654441e-06 
9.098504e+01 3.639735e-06 
9.310436e+01 3.625258e-06 
9.527304e+01 3.611007e-06 
9.749223e+01 3.596979e-06 
9.976312e+01 3.583171e-06 
1.020869e+02 3.569580e-06 
1.044648e+02 3.556204e-06 
1.068981e+02 3.543040e-06 
1.093881e+02 3.530084e-06 
1.119361e+02 3.517335e-06 
1.145434e+02 3.504789e-06 
1.172114e+02 3.492444e-06 
1.199416e+02 3.480297e-06 
1.227354e+02 3.468346e-06 
1.255943e+02 3.456588e-06 
1.285198e+02 3.445019e-06 
1.315134e+02 3.433639e-06 
1.345767e+02 3.422443e-06 
1.377114e+02 3.411430e-06 
1.409191e+02 3.400597e-06 
1.442016e+02 3.389942e-06 
1.475605e+02 3.379462e-06 
