0.000000e+00 0.000000e+00 
5.000000e-06 -9.769963e-15 
1.000000e-05 -1.758593e-13 
2.000000e-05 -2.424727e-13 
4.000000e-05 2.362555e-13 
8.000000e-05 -6.110668e-13 
1.600000e-04 -1.993072e-12 
3.200000e-04 -3.325340e-12 
6.400000e-04 -2.152944e-12 
1.140000e-03 1.136868e-12 
1.640000e-03 -1.222134e-12 
2.140000e-03 6.039613e-13 
2.640000e-03 1.620037e-12 
3.140000e-03 1.953993e-12 
3.640000e-03 -1.193712e-12 
4.140000e-03 -2.536638e-12 
4.640000e-03 -2.081890e-12 
5.140000e-03 2.607692e-12 
5.640000e-03 -3.197442e-13 
6.140000e-03 3.041123e-12 
6.640000e-03 3.694822e-12 
7.140000e-03 -1.058709e-12 
7.640000e-03 2.700062e-13 
8.140000e-03 1.278977e-13 
8.640000e-03 3.105072e-12 
9.140000e-03 -1.861622e-12 
9.640000e-03 -1.136868e-12 
1.014000e-02 9.521273e-13 
1.064000e-02 3.396394e-12 
1.114000e-02 1.328715e-12 
1.164000e-02 -1.584510e-12 
1.214000e-02 7.815970e-14 
1.264000e-02 1.335820e-12 
1.314000e-02 -1.080025e-12 
1.364000e-02 9.308110e-13 
1.414000e-02 -2.934541e-12 
1.464000e-02 2.820855e-12 
1.514000e-02 2.145839e-12 
1.564000e-02 3.126388e-13 
1.614000e-02 8.455459e-13 
1.664000e-02 1.257661e-12 
1.714000e-02 -1.108447e-12 
1.764000e-02 2.657430e-12 
1.814000e-02 1.286082e-12 
1.864000e-02 -1.513456e-12 
1.914000e-02 2.856382e-12 
1.964000e-02 -1.811884e-12 
2.014000e-02 1.136868e-12 
2.064000e-02 9.379164e-13 
2.114000e-02 2.430056e-12 
2.164000e-02 -1.648459e-12 
2.214000e-02 -6.252776e-13 
2.264000e-02 -8.313350e-13 
2.314000e-02 2.728484e-12 
2.364000e-02 1.989520e-13 
2.414000e-02 -7.531753e-13 
2.464000e-02 -1.065814e-12 
2.514000e-02 3.232969e-12 
2.564000e-02 -7.105427e-15 
2.614000e-02 -1.648459e-12 
2.664000e-02 2.216893e-12 
2.714000e-02 -1.847411e-13 
2.764000e-02 -4.021672e-12 
2.814000e-02 -1.826095e-12 
2.864000e-02 8.313350e-13 
2.914000e-02 2.422951e-12 
2.964000e-02 2.984279e-12 
3.014000e-02 6.394885e-13 
3.064000e-02 -2.223999e-12 
3.114000e-02 -2.344791e-13 
3.164000e-02 2.131628e-14 
3.214000e-02 -2.756906e-12 
3.264000e-02 -5.471179e-13 
3.314000e-02 3.339551e-13 
3.364000e-02 -4.618528e-13 
3.414000e-02 3.126388e-13 
3.464000e-02 -1.051603e-12 
3.514000e-02 9.023893e-13 
3.564000e-02 3.240075e-12 
3.614000e-02 -1.243450e-12 
3.664000e-02 8.455459e-13 
3.714000e-02 -3.552714e-13 
3.764000e-02 -1.762146e-12 
3.814000e-02 -3.836931e-13 
3.864000e-02 -1.399769e-12 
3.914000e-02 1.854517e-12 
3.964000e-02 3.204548e-12 
4.014000e-02 -5.613288e-13 
4.064000e-02 2.088996e-12 
4.114000e-02 1.882938e-12 
4.164000e-02 -6.039613e-13 
4.214000e-02 2.167155e-12 
4.264000e-02 -1.655565e-12 
4.314000e-02 -1.890044e-12 
4.364000e-02 -3.630873e-12 
4.414000e-02 4.618528e-13 
4.464000e-02 3.737455e-12 
4.514000e-02 8.313350e-13 
4.564000e-02 2.344791e-13 
4.614000e-02 7.958079e-13 
4.664000e-02 -3.879563e-12 
4.714000e-02 4.142464e-12 
4.764000e-02 6.963319e-13 
4.814000e-02 1.470823e-12 
4.864000e-02 -1.051603e-12 
4.914000e-02 -1.087130e-12 
4.964000e-02 2.550848e-12 
5.014000e-02 3.247180e-12 
5.064000e-02 -5.400125e-13 
5.114000e-02 -1.719513e-12 
5.164000e-02 4.497736e-12 
5.214000e-02 -1.364242e-12 
5.264000e-02 1.350031e-13 
5.314000e-02 -9.592327e-13 
5.364000e-02 1.207923e-12 
5.414000e-02 -1.016076e-12 
5.464000e-02 2.074785e-12 
5.514000e-02 2.238210e-12 
5.564000e-02 -2.522427e-12 
5.614000e-02 4.476419e-12 
5.664000e-02 2.223999e-12 
5.714000e-02 -2.188472e-12 
5.764000e-02 1.918465e-12 
5.814000e-02 -3.268497e-13 
5.864000e-02 1.286082e-12 
5.914000e-02 -1.655565e-12 
5.964000e-02 -3.126388e-13 
6.014000e-02 6.323830e-13 
6.064000e-02 2.650324e-12 
6.114000e-02 -2.543743e-12 
6.164000e-02 2.557954e-13 
6.214000e-02 8.242296e-13 
6.264000e-02 5.968559e-13 
6.314000e-02 -1.563194e-12 
6.364000e-02 -6.465939e-13 
6.414000e-02 -1.051603e-12 
6.464000e-02 -6.608047e-13 
6.514000e-02 1.946887e-12 
6.564000e-02 -2.472689e-12 
6.614000e-02 -3.026912e-12 
6.664000e-02 -3.765876e-13 
6.714000e-02 1.470823e-12 
6.764000e-02 -6.252776e-13 
6.814000e-02 -2.096101e-12 
6.864000e-02 -1.577405e-12 
6.914000e-02 2.678746e-12 
6.964000e-02 1.485034e-12 
7.014000e-02 -1.747935e-12 
7.064000e-02 2.032152e-12 
7.114000e-02 2.984279e-12 
7.164000e-02 -2.273737e-13 
7.214000e-02 5.073275e-12 
7.264000e-02 3.709033e-12 
7.314000e-02 -1.385558e-12 
7.364000e-02 -3.886669e-12 
7.414000e-02 1.421085e-14 
7.464000e-02 -3.481659e-13 
7.514000e-02 -3.268497e-13 
7.564000e-02 -2.778222e-12 
7.614000e-02 -3.282707e-12 
7.664000e-02 -2.678746e-12 
7.714000e-02 2.287948e-12 
7.764000e-02 2.238210e-12 
7.814000e-02 -2.629008e-13 
7.864000e-02 2.678746e-12 
7.914000e-02 -1.705303e-13 
7.964000e-02 -9.237056e-13 
8.014000e-02 2.209788e-12 
8.064000e-02 1.051603e-12 
8.114000e-02 3.552714e-13 
8.164000e-02 -2.131628e-12 
8.214000e-02 2.231104e-12 
8.264000e-02 2.472689e-12 
8.314000e-02 -1.314504e-12 
8.364000e-02 -4.192202e-13 
8.414000e-02 -1.428191e-12 
8.464000e-02 -1.776357e-13 
8.514000e-02 2.238210e-12 
8.564000e-02 -2.906120e-12 
8.614000e-02 -1.350031e-13 
8.664000e-02 -1.691092e-12 
8.714000e-02 8.810730e-13 
8.764000e-02 2.962963e-12 
8.814000e-02 -2.927436e-12 
8.864000e-02 2.188472e-12 
8.914000e-02 -1.428191e-12 
8.964000e-02 -2.010836e-12 
9.014000e-02 1.676881e-12 
9.064000e-02 5.044853e-13 
9.114000e-02 2.984279e-13 
9.164000e-02 -1.634248e-12 
9.214000e-02 -3.552714e-13 
9.264000e-02 -1.421085e-14 
9.314000e-02 -1.989520e-13 
9.364000e-02 2.010836e-12 
9.414000e-02 -1.243450e-12 
9.464000e-02 -2.309264e-12 
9.514000e-02 -2.273737e-12 
9.564000e-02 3.304024e-12 
9.614000e-02 -1.065814e-12 
9.664000e-02 5.897505e-13 
9.714000e-02 1.421085e-12 
9.764000e-02 -3.041123e-12 
9.814000e-02 -3.836931e-13 
9.864000e-02 -2.728484e-12 
9.914000e-02 -1.016076e-12 
9.964000e-02 4.405365e-13 
1.001400e-01 -2.067679e-12 
1.006400e-01 2.792433e-12 
1.011400e-01 -1.314504e-12 
1.016400e-01 6.181722e-13 
1.021400e-01 -5.186962e-13 
1.026400e-01 -1.968203e-12 
1.031400e-01 -1.847411e-13 
1.036400e-01 2.280842e-12 
1.041400e-01 -7.389644e-13 
1.046400e-01 2.621903e-12 
1.051400e-01 3.325340e-12 
1.056400e-01 2.181366e-12 
1.061400e-01 4.106937e-12 
1.066400e-01 -1.449507e-12 
1.071400e-01 -1.151079e-12 
1.076400e-01 1.136868e-12 
1.081400e-01 2.650324e-12 
1.086400e-01 -3.552714e-13 
1.091400e-01 -3.055334e-12 
1.096400e-01 -2.515321e-12 
1.101400e-01 7.034373e-13 
1.106400e-01 -1.833200e-12 
1.111400e-01 3.339551e-13 
1.116400e-01 -7.460699e-13 
1.121400e-01 -1.882938e-12 
1.126400e-01 -1.726619e-12 
1.131400e-01 5.897505e-13 
1.136400e-01 1.392664e-12 
1.141400e-01 2.188472e-12 
1.146400e-01 7.460699e-13 
1.151400e-01 7.673862e-13 
1.156400e-01 -2.842171e-13 
1.161400e-01 3.687717e-12 
1.166400e-01 -1.257661e-12 
1.171400e-01 -1.257661e-12 
1.176400e-01 2.451372e-12 
1.181400e-01 -3.623768e-13 
1.186400e-01 -2.629008e-13 
1.191400e-01 2.891909e-12 
1.196400e-01 -2.124523e-12 
1.201400e-01 -2.344791e-13 
1.206400e-01 2.451372e-12 
1.211400e-01 -1.953993e-12 
1.216400e-01 -2.323475e-12 
1.221400e-01 -1.548983e-12 
1.226400e-01 3.460343e-12 
1.231400e-01 2.138734e-12 
1.236400e-01 3.637979e-12 
1.241400e-01 -3.339551e-13 
1.246400e-01 -4.973799e-13 
1.251400e-01 7.034373e-13 
1.256400e-01 -9.237056e-13 
1.261400e-01 -4.263256e-14 
1.266400e-01 3.460343e-12 
1.271400e-01 -1.023182e-12 
1.276400e-01 -1.520561e-12 
1.281400e-01 -2.557954e-13 
1.286400e-01 -2.813749e-12 
1.291400e-01 3.566925e-12 
1.296400e-01 -3.382183e-12 
1.301400e-01 2.756906e-12 
1.306400e-01 -3.154810e-12 
1.311400e-01 1.065814e-12 
1.316400e-01 -1.058709e-12 
1.321400e-01 -2.955858e-12 
1.326400e-01 -1.115552e-12 
1.331400e-01 9.166001e-13 
1.336400e-01 3.574030e-12 
1.341400e-01 -1.683986e-12 
1.346400e-01 -1.122658e-12 
1.351400e-01 -7.247536e-13 
1.356400e-01 1.570299e-12 
1.361400e-01 -2.486900e-13 
1.366400e-01 -2.835066e-12 
1.371400e-01 -2.223999e-12 
1.376400e-01 3.623768e-12 
1.381400e-01 1.563194e-13 
1.386400e-01 1.847411e-13 
1.391400e-01 1.293188e-12 
1.396400e-01 -1.598721e-12 
1.401400e-01 -1.563194e-12 
1.406400e-01 -2.486900e-12 
1.411400e-01 6.536993e-13 
1.416400e-01 -1.726619e-12 
1.421400e-01 2.366107e-12 
1.426400e-01 -2.152944e-12 
1.431400e-01 -2.280842e-12 
1.436400e-01 -1.776357e-13 
1.441400e-01 -3.893774e-12 
1.446400e-01 1.968203e-12 
1.451400e-01 -1.620037e-12 
1.456400e-01 -3.552714e-14 
1.461400e-01 -1.037392e-12 
1.466400e-01 2.366107e-12 
1.471400e-01 3.396394e-12 
1.476400e-01 -1.350031e-13 
1.481400e-01 9.876544e-13 
1.486400e-01 -9.379164e-13 
1.491400e-01 -6.679102e-13 
1.496400e-01 -2.074785e-12 
1.501400e-01 -8.526513e-14 
1.506400e-01 -2.764011e-12 
1.511400e-01 -2.543743e-12 
1.516400e-01 1.897149e-12 
1.521400e-01 -2.756906e-12 
1.526400e-01 5.684342e-14 
1.531400e-01 3.083755e-12 
1.536400e-01 2.181366e-12 
1.541400e-01 2.216893e-12 
1.546400e-01 7.105427e-14 
1.551400e-01 -1.890044e-12 
1.556400e-01 -4.334311e-13 
1.561400e-01 -2.870593e-12 
1.566400e-01 -3.176126e-12 
1.571400e-01 -1.918465e-13 
1.576400e-01 1.136868e-13 
1.581400e-01 -3.083755e-12 
1.586400e-01 8.739676e-13 
1.591400e-01 -1.691092e-12 
1.596400e-01 -6.039613e-13 
1.601400e-01 2.991385e-12 
1.606400e-01 3.190337e-12 
1.611400e-01 -2.501110e-12 
1.616400e-01 -1.676881e-12 
1.621400e-01 -2.806644e-12 
1.626400e-01 -1.257661e-12 
1.631400e-01 -4.320100e-12 
1.636400e-01 -1.790568e-12 
1.641400e-01 -2.785328e-12 
1.646400e-01 3.012701e-12 
1.651400e-01 5.186962e-13 
1.656400e-01 1.200817e-12 
1.661400e-01 -4.689582e-13 
1.666400e-01 -3.979039e-12 
1.671400e-01 -2.394529e-12 
1.676400e-01 8.171241e-13 
1.681400e-01 1.314504e-12 
1.686400e-01 1.932676e-12 
1.691400e-01 9.166001e-13 
1.696400e-01 2.920331e-12 
1.701400e-01 -2.501110e-12 
1.706400e-01 1.122658e-12 
1.711400e-01 9.379164e-13 
1.716400e-01 1.946887e-12 
1.721400e-01 -1.506351e-12 
1.726400e-01 -2.216893e-12 
1.731400e-01 6.039613e-13 
1.736400e-01 -3.865352e-12 
1.741400e-01 -2.259526e-12 
1.746400e-01 2.913225e-13 
1.751400e-01 1.861622e-12 
1.756400e-01 -1.492140e-13 
1.761400e-01 4.924061e-12 
1.766400e-01 2.465583e-12 
1.771400e-01 -7.958079e-13 
1.776400e-01 -2.096101e-12 
1.781400e-01 1.179501e-12 
1.786400e-01 -1.641354e-12 
1.791400e-01 2.209788e-12 
1.796400e-01 -6.323830e-13 
1.801400e-01 -2.629008e-12 
1.806400e-01 -1.065814e-13 
1.811400e-01 1.627143e-12 
1.816400e-01 -6.110668e-13 
1.821400e-01 -8.455459e-13 
1.826400e-01 1.492140e-13 
1.831400e-01 -2.273737e-12 
1.836400e-01 9.023893e-13 
1.841400e-01 6.536993e-13 
1.846400e-01 -1.605827e-12 
1.851400e-01 -1.271871e-12 
1.856400e-01 -2.707168e-12 
1.861400e-01 1.421085e-14 
1.866400e-01 -1.065814e-13 
1.871400e-01 -1.847411e-13 
1.876400e-01 -9.166001e-13 
1.881400e-01 -2.088996e-12 
1.886400e-01 -2.046363e-12 
1.891400e-01 4.760636e-13 
1.896400e-01 -2.820855e-12 
1.901400e-01 -1.875833e-12 
1.906400e-01 -1.904255e-12 
1.911400e-01 -4.533263e-12 
1.916400e-01 4.085621e-12 
1.921400e-01 -2.522427e-12 
1.926400e-01 4.902745e-13 
1.931400e-01 -1.641354e-12 
1.936400e-01 1.492140e-12 
1.941400e-01 -2.216893e-12 
1.946400e-01 -1.051603e-12 
1.951400e-01 -3.254286e-12 
1.956400e-01 1.790568e-12 
1.961400e-01 3.254286e-12 
1.966400e-01 -5.250911e-12 
1.971400e-01 6.892265e-13 
1.976400e-01 7.105427e-15 
1.981400e-01 -5.542233e-13 
1.986400e-01 3.183231e-12 
1.991400e-01 4.007461e-12 
1.996400e-01 -3.211653e-12 
2.000000e-01 -7.815970e-14 
