 1.62000000e+00  1.24451061e+00 
 1.63000000e+00  1.24493522e+00 
 1.64000000e+00  1.24476493e+00 
 1.65000000e+00  1.24487981e+00 
 1.66000000e+00  1.24498768e+00 
 1.67000000e+00  1.24508929e+00 
 1.68000000e+00  1.24518527e+00 
 1.69000000e+00  1.24527615e+00 
 1.70000000e+00  1.24536243e+00 
 1.71000000e+00  1.24544451e+00 
 1.72000000e+00  1.24552276e+00 
 1.73000000e+00  1.24559750e+00 
 1.74000000e+00  1.24566902e+00 
 1.75000000e+00  1.24573758e+00 
 1.76000000e+00  1.24580340e+00 
 1.77000000e+00  1.24586668e+00 
 1.78000000e+00  1.24592760e+00 
 1.79000000e+00  1.24597751e+00 
 1.80000000e+00  1.24604138e+00 
 1.81000000e+00  1.24604488e+00 
 1.82000000e+00  1.24612814e+00 
 1.83000000e+00  1.24619394e+00 
 1.84000000e+00  1.24624933e+00 
 1.85000000e+00  1.24629938e+00 
 1.86000000e+00  1.24631483e+00 
 1.87000000e+00  1.24637981e+00 
 1.88000000e+00  1.24643267e+00 
 1.89000000e+00  1.24647904e+00 
 1.90000000e+00  1.24698822e+00 
 1.91000000e+00  1.24705561e+00 
 1.92000000e+00  1.24710898e+00 
 1.93000000e+00  1.24715377e+00 
 1.94000000e+00  1.24719390e+00 
 1.95000000e+00  1.24723160e+00 
 1.96000000e+00  1.24726798e+00 
 1.97000000e+00  1.24730334e+00 
 1.98000000e+00  1.24733756e+00 
