-4.00000000e+01  1.23971245e+00 
-3.50000000e+01  1.24041732e+00 
-3.00000000e+01  1.24108225e+00 
-2.50000000e+01  1.24170800e+00 
-2.00000000e+01  1.24229530e+00 
-1.50000000e+01  1.24284483e+00 
-1.00000000e+01  1.24411778e+00 
-5.00000000e+00  1.24383307e+00 
 0.00000000e+00  1.24427288e+00 
 5.00000000e+00  1.24467714e+00 
 1.00000000e+01  1.24504626e+00 
 1.50000000e+01  1.24538062e+00 
 2.00000000e+01  1.24568369e+00 
 2.50000000e+01  1.24594447e+00 
 3.00000000e+01  1.24617694e+00 
 3.50000000e+01  1.24637538e+00 
 4.00000000e+01  1.24653214e+00 
 4.50000000e+01  1.24690816e+00 
 5.00000000e+01  1.24810021e+00 
 5.50000000e+01  1.24687809e+00 
 6.00000000e+01  1.24712640e+00 
 6.50000000e+01  1.24798157e+00 
 7.00000000e+01  1.24685017e+00 
 7.50000000e+01  1.24685920e+00 
 8.00000000e+01  1.24698040e+00 
 8.50000000e+01  1.24745657e+00 
 9.00000000e+01  1.24874545e+00 
 9.50000000e+01  1.24617168e+00 
 1.00000000e+02  1.24598740e+00 
 1.05000000e+02  1.24582985e+00 
 1.10000000e+02  1.24575296e+00 
 1.15000000e+02  1.24584060e+00 
 1.20000000e+02  1.24621053e+00 
 1.25000000e+02  1.24680285e+00 
