 1.62000000e+00  1.29037697e+00 
 1.63000000e+00  1.29090706e+00 
 1.64000000e+00  1.29081641e+00 
 1.65000000e+00  1.29099467e+00 
 1.66000000e+00  1.29120058e+00 
 1.67000000e+00  1.29131366e+00 
 1.68000000e+00  1.29145739e+00 
 1.69000000e+00  1.29159226e+00 
 1.70000000e+00  1.29171924e+00 
 1.71000000e+00  1.29183918e+00 
 1.72000000e+00  1.29195280e+00 
 1.73000000e+00  1.29213462e+00 
 1.74000000e+00  1.29412537e+00 
 1.75000000e+00  1.29226167e+00 
 1.76000000e+00  1.29235554e+00 
 1.77000000e+00  1.29244551e+00 
 1.78000000e+00  1.29253192e+00 
 1.79000000e+00  1.29261511e+00 
 1.80000000e+00  1.29269256e+00 
 1.81000000e+00  1.29267988e+00 
 1.82000000e+00  1.29280775e+00 
 1.83000000e+00  1.29290525e+00 
 1.84000000e+00  1.29298502e+00 
 1.85000000e+00  1.29292720e+00 
 1.86000000e+00  1.29306377e+00 
 1.87000000e+00  1.29316332e+00 
 1.88000000e+00  1.29324123e+00 
 1.89000000e+00  1.29330785e+00 
 1.90000000e+00  1.29380973e+00 
 1.91000000e+00  1.29392045e+00 
 1.92000000e+00  1.29400415e+00 
 1.93000000e+00  1.29407170e+00 
 1.94000000e+00  1.29413041e+00 
 1.95000000e+00  1.29418463e+00 
 1.96000000e+00  1.29423646e+00 
 1.97000000e+00  1.29428659e+00 
 1.98000000e+00  1.29433483e+00 
