-4.00000000e+01  1.28140503e+00 
-3.50000000e+01  1.28224059e+00 
-3.00000000e+01  1.28333134e+00 
-2.50000000e+01  1.28437388e+00 
-2.00000000e+01  1.28536996e+00 
-1.50000000e+01  1.28632118e+00 
-1.00000000e+01  1.28775632e+00 
-5.00000000e+00  1.28809464e+00 
 0.00000000e+00  1.28891922e+00 
 5.00000000e+00  1.29138397e+00 
 1.00000000e+01  1.29044883e+00 
 1.50000000e+01  1.29115523e+00 
 2.00000000e+01  1.29181941e+00 
 2.50000000e+01  1.29245047e+00 
 3.00000000e+01  1.29304441e+00 
 3.50000000e+01  1.29359992e+00 
 4.00000000e+01  1.29413987e+00 
 4.50000000e+01  1.29524752e+00 
 5.00000000e+01  1.29505279e+00 
 5.50000000e+01  1.29557642e+00 
 6.00000000e+01  1.29680754e+00 
 6.50000000e+01  1.29614743e+00 
 7.00000000e+01  1.29649424e+00 
 7.50000000e+01  1.29699170e+00 
 8.00000000e+01  1.29808616e+00 
 8.50000000e+01  1.29703322e+00 
 9.00000000e+01  1.29717373e+00 
 9.50000000e+01  1.29730309e+00 
 1.00000000e+02  1.29746744e+00 
 1.05000000e+02  1.29775815e+00 
 1.10000000e+02  1.29835553e+00 
 1.15000000e+02  1.29908733e+00 
 1.20000000e+02  1.30017061e+00 
 1.25000000e+02  1.29680323e+00 
