 1.25000000e+02  1.22517686e+00 
 1.20000000e+02  1.22575707e+00 
 1.15000000e+02  1.22762518e+00 
 1.10000000e+02  1.22610111e+00 
 1.05000000e+02  1.22619340e+00 
 1.00000000e+02  1.22669139e+00 
 9.50000000e+01  1.22689860e+00 
 9.00000000e+01  1.22720688e+00 
 8.50000000e+01  1.22770993e+00 
 8.00000000e+01  1.22596133e+00 
 7.50000000e+01  1.22803737e+00 
 7.00000000e+01  1.22823350e+00 
 6.50000000e+01  1.22838477e+00 
 6.00000000e+01  1.22855770e+00 
 5.50000000e+01  1.22847098e+00 
 5.00000000e+01  1.22864000e+00 
 4.50000000e+01  1.22898738e+00 
 4.00000000e+01  1.22902560e+00 
 3.50000000e+01  1.22915063e+00 
 3.00000000e+01  1.22926573e+00 
 2.50000000e+01  1.23005405e+00 
 2.00000000e+01  1.22920553e+00 
 1.50000000e+01  1.22908863e+00 
 1.00000000e+01  1.22911466e+00 
 5.00000000e+00  1.22901101e+00 
 0.00000000e+00  1.22888641e+00 
-5.00000000e+00  1.22873031e+00 
-1.00000000e+01  1.22854172e+00 
-1.50000000e+01  1.22830041e+00 
-2.00000000e+01  1.22806301e+00 
-2.50000000e+01  1.22818279e+00 
-3.00000000e+01  1.22744233e+00 
-3.50000000e+01  1.22707642e+00 
-4.00000000e+01  1.22671732e+00 
