 1.98000000e+00  1.22933800e+00 
 1.97000000e+00  1.22930304e+00 
 1.96000000e+00  1.22920658e+00 
 1.95000000e+00  1.22928711e+00 
 1.94000000e+00  1.23016364e+00 
 1.93000000e+00  1.22927215e+00 
 1.92000000e+00  1.22926507e+00 
 1.91000000e+00  1.22922357e+00 
 1.90000000e+00  1.22876753e+00 
 1.89000000e+00  1.22924567e+00 
 1.88000000e+00  1.22909651e+00 
 1.87000000e+00  1.22923446e+00 
 1.86000000e+00  1.22922944e+00 
 1.85000000e+00  1.22920452e+00 
 1.84000000e+00  1.22922072e+00 
 1.83000000e+00  1.22921708e+00 
 1.82000000e+00  1.23170772e+00 
 1.81000000e+00  1.22921142e+00 
 1.80000000e+00  1.22920947e+00 
 1.79000000e+00  1.22914040e+00 
 1.78000000e+00  1.22920757e+00 
 1.77000000e+00  1.22915559e+00 
 1.76000000e+00  1.22893985e+00 
 1.75000000e+00  1.22921050e+00 
 1.74000000e+00  1.23024667e+00 
 1.73000000e+00  1.22921460e+00 
 1.72000000e+00  1.23170052e+00 
 1.71000000e+00  1.22922802e+00 
 1.70000000e+00  1.22943782e+00 
 1.69000000e+00  1.22924420e+00 
 1.68000000e+00  1.22925453e+00 
 1.67000000e+00  1.23095018e+00 
 1.66000000e+00  1.22926778e+00 
 1.65000000e+00  1.22928124e+00 
 1.64000000e+00  1.22928173e+00 
 1.63000000e+00  1.22933484e+00 
 1.62000000e+00  1.22935803e+00 
