 1.98000000e+00  1.22198506e+00 
 1.97000000e+00  1.22036714e+00 
 1.96000000e+00  1.22210702e+00 
 1.95000000e+00  1.22211236e+00 
 1.94000000e+00  1.22217264e+00 
 1.93000000e+00  1.22209960e+00 
 1.92000000e+00  1.22209358e+00 
 1.91000000e+00  1.22197594e+00 
 1.90000000e+00  1.22205212e+00 
 1.89000000e+00  1.22207711e+00 
 1.88000000e+00  1.22206535e+00 
 1.87000000e+00  1.22206765e+00 
 1.86000000e+00  1.22206343e+00 
 1.85000000e+00  1.22205958e+00 
 1.84000000e+00  1.22195809e+00 
 1.83000000e+00  1.22199150e+00 
 1.82000000e+00  1.22205056e+00 
 1.81000000e+00  1.22204849e+00 
 1.80000000e+00  1.22204694e+00 
 1.79000000e+00  1.22213042e+00 
 1.78000000e+00  1.22199872e+00 
 1.77000000e+00  1.22204583e+00 
 1.76000000e+00  1.22204678e+00 
 1.75000000e+00  1.22202020e+00 
 1.74000000e+00  1.22192905e+00 
 1.73000000e+00  1.22188847e+00 
 1.72000000e+00  1.22211686e+00 
 1.71000000e+00  1.22212585e+00 
 1.70000000e+00  1.22207032e+00 
 1.69000000e+00  1.22044566e+00 
 1.68000000e+00  1.22204245e+00 
 1.67000000e+00  1.22312713e+00 
 1.66000000e+00  1.22196604e+00 
 1.65000000e+00  1.22204660e+00 
 1.64000000e+00  1.22213132e+00 
 1.63000000e+00  1.22215441e+00 
 1.62000000e+00  1.22217370e+00 
