 1.25000000e+02  1.21428496e+00 
 1.20000000e+02  1.21478856e+00 
 1.15000000e+02  1.21551599e+00 
 1.10000000e+02  1.21623213e+00 
 1.05000000e+02  1.21640285e+00 
 1.00000000e+02  1.21787303e+00 
 9.50000000e+01  1.21748641e+00 
 9.00000000e+01  1.21795645e+00 
 8.50000000e+01  1.21877740e+00 
 8.00000000e+01  1.21885866e+00 
 7.50000000e+01  1.21937822e+00 
 7.00000000e+01  1.22053068e+00 
 6.50000000e+01  1.21996228e+00 
 6.00000000e+01  1.22034002e+00 
 5.50000000e+01  1.22074779e+00 
 5.00000000e+01  1.22103881e+00 
 4.50000000e+01  1.22134906e+00 
 4.00000000e+01  1.22155481e+00 
 3.50000000e+01  1.22176759e+00 
 3.00000000e+01  1.22195113e+00 
 2.50000000e+01  1.22318639e+00 
 2.00000000e+01  1.22222784e+00 
 1.50000000e+01  1.22231965e+00 
 1.00000000e+01  1.22212754e+00 
 5.00000000e+00  1.22232050e+00 
 0.00000000e+00  1.22240072e+00 
-5.00000000e+00  1.22236067e+00 
-1.00000000e+01  1.22228127e+00 
-1.50000000e+01  1.22190471e+00 
-2.00000000e+01  1.22203028e+00 
-2.50000000e+01  1.22184825e+00 
-3.00000000e+01  1.22140951e+00 
-3.50000000e+01  1.22129372e+00 
-4.00000000e+01  1.22105598e+00 
