 1.25000000e+02  1.20584052e+00 
 1.20000000e+02  1.20651445e+00 
 1.15000000e+02  1.20706860e+00 
 1.10000000e+02  1.20812741e+00 
 1.05000000e+02  1.20841765e+00 
 1.00000000e+02  1.20873754e+00 
 9.50000000e+01  1.20922396e+00 
 9.00000000e+01  1.20969232e+00 
 8.50000000e+01  1.21027007e+00 
 8.00000000e+01  1.21020453e+00 
 7.50000000e+01  1.21124477e+00 
 7.00000000e+01  1.21167183e+00 
 6.50000000e+01  1.21201884e+00 
 6.00000000e+01  1.21252086e+00 
 5.50000000e+01  1.21179865e+00 
 5.00000000e+01  1.21344047e+00 
 4.50000000e+01  1.21355222e+00 
 4.00000000e+01  1.21373593e+00 
 3.50000000e+01  1.21334669e+00 
 3.00000000e+01  1.21426607e+00 
 2.50000000e+01  1.21449514e+00 
 2.00000000e+01  1.21448517e+00 
 1.50000000e+01  1.21545472e+00 
 1.00000000e+01  1.21501273e+00 
 5.00000000e+00  1.21511371e+00 
 0.00000000e+00  1.21521281e+00 
-5.00000000e+00  1.21526681e+00 
-1.00000000e+01  1.21528892e+00 
-1.50000000e+01  1.21527826e+00 
-2.00000000e+01  1.21523391e+00 
-2.50000000e+01  1.21515500e+00 
-3.00000000e+01  1.21504067e+00 
-3.50000000e+01  1.21489012e+00 
-4.00000000e+01  1.21470261e+00 
