 1.98000000e+00  1.21462423e+00 
 1.97000000e+00  1.21449133e+00 
 1.96000000e+00  1.21448428e+00 
 1.95000000e+00  1.21447741e+00 
 1.94000000e+00  1.21489969e+00 
 1.93000000e+00  1.21446429e+00 
 1.92000000e+00  1.21445805e+00 
 1.91000000e+00  1.21442355e+00 
 1.90000000e+00  1.21439840e+00 
 1.89000000e+00  1.21444085e+00 
 1.88000000e+00  1.21542408e+00 
 1.87000000e+00  1.21430657e+00 
 1.86000000e+00  1.21442626e+00 
 1.85000000e+00  1.21242998e+00 
 1.84000000e+00  1.21441827e+00 
 1.83000000e+00  1.21447145e+00 
 1.82000000e+00  1.21431999e+00 
 1.81000000e+00  1.21440940e+00 
 1.80000000e+00  1.21440741e+00 
 1.79000000e+00  1.21340846e+00 
 1.78000000e+00  1.21440507e+00 
 1.77000000e+00  1.21440481e+00 
 1.76000000e+00  1.21440523e+00 
 1.75000000e+00  1.21440638e+00 
 1.74000000e+00  1.21440831e+00 
 1.73000000e+00  1.21432485e+00 
 1.72000000e+00  1.21441480e+00 
 1.71000000e+00  1.21441951e+00 
 1.70000000e+00  1.21442530e+00 
 1.69000000e+00  1.21443228e+00 
 1.68000000e+00  1.21437715e+00 
 1.67000000e+00  1.21444784e+00 
 1.66000000e+00  1.21446148e+00 
 1.65000000e+00  1.21451655e+00 
 1.64000000e+00  1.21445837e+00 
 1.63000000e+00  1.21448137e+00 
 1.62000000e+00  1.21463038e+00 
