 1.98000000e+00  1.23406516e+00 
 1.97000000e+00  1.23207251e+00 
 1.96000000e+00  1.23183349e+00 
 1.95000000e+00  1.23195588e+00 
 1.94000000e+00  1.23180768e+00 
 1.93000000e+00  1.23121010e+00 
 1.92000000e+00  1.22989539e+00 
 1.91000000e+00  1.23180092e+00 
 1.90000000e+00  1.23238411e+00 
 1.89000000e+00  1.23175538e+00 
 1.88000000e+00  1.23169387e+00 
 1.87000000e+00  1.23144440e+00 
 1.86000000e+00  1.23177473e+00 
 1.85000000e+00  1.23023644e+00 
 1.84000000e+00  1.23176556e+00 
 1.83000000e+00  1.23171684e+00 
 1.82000000e+00  1.23113141e+00 
 1.81000000e+00  1.23181654e+00 
 1.80000000e+00  1.23215232e+00 
 1.79000000e+00  1.23175108e+00 
 1.78000000e+00  1.23174964e+00 
 1.77000000e+00  1.23174878e+00 
 1.76000000e+00  1.23161861e+00 
 1.75000000e+00  1.23174271e+00 
 1.74000000e+00  1.23175810e+00 
 1.73000000e+00  1.23174657e+00 
 1.72000000e+00  1.23173985e+00 
 1.71000000e+00  1.23175863e+00 
 1.70000000e+00  1.23176338e+00 
 1.69000000e+00  1.23185940e+00 
 1.68000000e+00  1.23177449e+00 
 1.67000000e+00  1.23181142e+00 
 1.66000000e+00  1.23179458e+00 
 1.65000000e+00  1.23171205e+00 
 1.64000000e+00  1.23181925e+00 
 1.63000000e+00  1.23183441e+00 
 1.62000000e+00  1.23185172e+00 
