 1.25000000e+02  1.22920616e+00 
 1.20000000e+02  1.22913725e+00 
 1.15000000e+02  1.22921306e+00 
 1.10000000e+02  1.22973572e+00 
 1.05000000e+02  1.23068402e+00 
 1.00000000e+02  1.23048237e+00 
 9.50000000e+01  1.23069300e+00 
 9.00000000e+01  1.23089769e+00 
 8.50000000e+01  1.23107347e+00 
 8.00000000e+01  1.22926390e+00 
 7.50000000e+01  1.23130510e+00 
 7.00000000e+01  1.23158458e+00 
 6.50000000e+01  1.23165007e+00 
 6.00000000e+01  1.23203413e+00 
 5.50000000e+01  1.23184140e+00 
 5.00000000e+01  1.23185434e+00 
 4.50000000e+01  1.23177211e+00 
 4.00000000e+01  1.23187502e+00 
 3.50000000e+01  1.23150922e+00 
 3.00000000e+01  1.23179670e+00 
 2.50000000e+01  1.23167291e+00 
 2.00000000e+01  1.23159447e+00 
 1.50000000e+01  1.23148110e+00 
 1.00000000e+01  1.23122972e+00 
 5.00000000e+00  1.23112993e+00 
 0.00000000e+00  1.23090977e+00 
-5.00000000e+00  1.23065879e+00 
-1.00000000e+01  1.23035048e+00 
-1.50000000e+01  1.23006104e+00 
-2.00000000e+01  1.22971257e+00 
-2.50000000e+01  1.22932995e+00 
-3.00000000e+01  1.22893727e+00 
-3.50000000e+01  1.22845911e+00 
-4.00000000e+01  1.22796948e+00 
