 1.98000000e+00  1.21941678e+00 
 1.97000000e+00  1.21968547e+00 
 1.96000000e+00  1.22008238e+00 
 1.95000000e+00  1.21939440e+00 
 1.94000000e+00  1.21929936e+00 
 1.93000000e+00  1.21941845e+00 
 1.92000000e+00  1.21938230e+00 
 1.91000000e+00  1.21933966e+00 
 1.90000000e+00  1.21962951e+00 
 1.89000000e+00  1.21936058e+00 
 1.88000000e+00  1.21941027e+00 
 1.87000000e+00  1.21940975e+00 
 1.86000000e+00  1.21938792e+00 
 1.85000000e+00  1.21939921e+00 
 1.84000000e+00  1.21941087e+00 
 1.83000000e+00  1.21910206e+00 
 1.82000000e+00  1.21941412e+00 
 1.81000000e+00  1.21947415e+00 
 1.80000000e+00  1.21941971e+00 
 1.79000000e+00  1.21884244e+00 
 1.78000000e+00  1.21942793e+00 
 1.77000000e+00  1.21940512e+00 
 1.76000000e+00  1.21943918e+00 
 1.75000000e+00  1.21943744e+00 
 1.74000000e+00  1.21944280e+00 
 1.73000000e+00  1.21940445e+00 
 1.72000000e+00  1.21947255e+00 
 1.71000000e+00  1.21948358e+00 
 1.70000000e+00  1.21934031e+00 
 1.69000000e+00  1.21983906e+00 
 1.68000000e+00  1.21952446e+00 
 1.67000000e+00  1.21953310e+00 
 1.66000000e+00  1.21953140e+00 
 1.65000000e+00  1.21952902e+00 
 1.64000000e+00  1.21959482e+00 
 1.63000000e+00  1.21962589e+00 
 1.62000000e+00  1.21965257e+00 
