 1.25000000e+02  1.21193308e+00 
 1.20000000e+02  1.21191072e+00 
 1.15000000e+02  1.21204955e+00 
 1.10000000e+02  1.21308879e+00 
 1.05000000e+02  1.21318413e+00 
 1.00000000e+02  1.21376714e+00 
 9.50000000e+01  1.21432180e+00 
 9.00000000e+01  1.21484213e+00 
 8.50000000e+01  1.21774551e+00 
 8.00000000e+01  1.21623477e+00 
 7.50000000e+01  1.21623394e+00 
 7.00000000e+01  1.21667996e+00 
 6.50000000e+01  1.21713068e+00 
 6.00000000e+01  1.21741073e+00 
 5.50000000e+01  1.21782465e+00 
 5.00000000e+01  1.21820585e+00 
 4.50000000e+01  1.21729766e+00 
 4.00000000e+01  1.21880529e+00 
 3.50000000e+01  1.21906498e+00 
 3.00000000e+01  1.21928911e+00 
 2.50000000e+01  1.21949517e+00 
 2.00000000e+01  1.21972991e+00 
 1.50000000e+01  1.21984457e+00 
 1.00000000e+01  1.21990446e+00 
 5.00000000e+00  1.22030151e+00 
 0.00000000e+00  1.22015728e+00 
-5.00000000e+00  1.22031293e+00 
-1.00000000e+01  1.22204020e+00 
-1.50000000e+01  1.21986653e+00 
-2.00000000e+01  1.22047378e+00 
-2.50000000e+01  1.21969995e+00 
-3.00000000e+01  1.21936877e+00 
-3.50000000e+01  1.21926841e+00 
-4.00000000e+01  1.21907744e+00 
