 1.25000000e+02  1.20804855e+00 
 1.24000000e+02  1.20811871e+00 
 1.23000000e+02  1.20826297e+00 
 1.22000000e+02  1.20710566e+00 
 1.21000000e+02  1.20928326e+00 
 1.20000000e+02  1.20920648e+00 
 1.19000000e+02  1.20866503e+00 
 1.18000000e+02  1.20868638e+00 
 1.17000000e+02  1.20933169e+00 
 1.16000000e+02  1.20901137e+00 
 1.15000000e+02  1.20937179e+00 
 1.14000000e+02  1.20919051e+00 
 1.13000000e+02  1.20928401e+00 
 1.12000000e+02  1.20938947e+00 
 1.11000000e+02  1.20954144e+00 
 1.10000000e+02  1.20930234e+00 
 1.09000000e+02  1.21214742e+00 
 1.08000000e+02  1.20991708e+00 
 1.07000000e+02  1.21192316e+00 
 1.06000000e+02  1.20946406e+00 
 1.05000000e+02  1.21163429e+00 
 1.04000000e+02  1.21020975e+00 
 1.03000000e+02  1.21037591e+00 
 1.02000000e+02  1.21022465e+00 
 1.01000000e+02  1.21073256e+00 
 1.00000000e+02  1.21056653e+00 
 9.90000000e+01  1.21061193e+00 
 9.80000000e+01  1.21085282e+00 
 9.70000000e+01  1.21093179e+00 
 9.60000000e+01  1.21107938e+00 
 9.50000000e+01  1.21120671e+00 
 9.40000000e+01  1.21109640e+00 
 9.30000000e+01  1.21069431e+00 
 9.20000000e+01  1.21143171e+00 
 9.10000000e+01  1.21162219e+00 
 9.00000000e+01  1.21167874e+00 
 8.90000000e+01  1.21420311e+00 
 8.80000000e+01  1.21187182e+00 
 8.70000000e+01  1.21196753e+00 
 8.60000000e+01  1.21205620e+00 
 8.50000000e+01  1.21406723e+00 
 8.40000000e+01  1.21252339e+00 
 8.30000000e+01  1.21234062e+00 
 8.20000000e+01  1.21434995e+00 
 8.10000000e+01  1.21252946e+00 
 8.00000000e+01  1.21267046e+00 
 7.90000000e+01  1.21270559e+00 
 7.80000000e+01  1.21301431e+00 
 7.70000000e+01  1.21292381e+00 
 7.60000000e+01  1.21304294e+00 
 7.50000000e+01  1.21320249e+00 
 7.40000000e+01  1.21395436e+00 
 7.30000000e+01  1.21479324e+00 
 7.20000000e+01  1.21347469e+00 
 7.10000000e+01  1.21336958e+00 
 7.00000000e+01  1.21344981e+00 
 6.90000000e+01  1.21354312e+00 
 6.80000000e+01  1.21365045e+00 
 6.70000000e+01  1.21374869e+00 
 6.60000000e+01  1.21383037e+00 
 6.50000000e+01  1.21389623e+00 
 6.40000000e+01  1.21397973e+00 
 6.30000000e+01  1.21414204e+00 
 6.20000000e+01  1.21414505e+00 
 6.10000000e+01  1.21413929e+00 
 6.00000000e+01  1.21437213e+00 
 5.90000000e+01  1.21438009e+00 
 5.80000000e+01  1.21461439e+00 
 5.70000000e+01  1.21452985e+00 
 5.60000000e+01  1.21459375e+00 
 5.50000000e+01  1.21466946e+00 
 5.40000000e+01  1.21473589e+00 
 5.30000000e+01  1.21469809e+00 
 5.20000000e+01  1.21494136e+00 
 5.10000000e+01  1.21495873e+00 
 5.00000000e+01  1.21714205e+00 
 4.90000000e+01  1.21515716e+00 
 4.80000000e+01  1.21487976e+00 
 4.70000000e+01  1.21500351e+00 
 4.60000000e+01  1.21529186e+00 
 4.50000000e+01  1.21535576e+00 
 4.40000000e+01  1.21606674e+00 
 4.30000000e+01  1.21548074e+00 
 4.20000000e+01  1.21554183e+00 
 4.10000000e+01  1.21560196e+00 
 4.00000000e+01  1.21566114e+00 
 3.90000000e+01  1.21591451e+00 
 3.80000000e+01  1.21577660e+00 
 3.70000000e+01  1.21583287e+00 
 3.60000000e+01  1.21588815e+00 
 3.50000000e+01  1.21594243e+00 
 3.40000000e+01  1.21745328e+00 
 3.30000000e+01  1.21604801e+00 
 3.20000000e+01  1.21825437e+00 
 3.10000000e+01  1.21614953e+00 
 3.00000000e+01  1.21630666e+00 
 2.90000000e+01  1.21642376e+00 
 2.80000000e+01  1.21623726e+00 
 2.70000000e+01  1.21639721e+00 
 2.60000000e+01  1.21638524e+00 
 2.50000000e+01  1.21778997e+00 
 2.40000000e+01  1.21654286e+00 
 2.30000000e+01  1.21665944e+00 
 2.20000000e+01  1.21685307e+00 
 2.10000000e+01  1.21677931e+00 
 2.00000000e+01  1.21662571e+00 
 1.90000000e+01  1.21666718e+00 
 1.80000000e+01  1.21670678e+00 
 1.70000000e+01  1.21674201e+00 
 1.60000000e+01  1.21705473e+00 
 1.50000000e+01  1.21691229e+00 
 1.40000000e+01  1.21767907e+00 
 1.30000000e+01  1.21690180e+00 
 1.20000000e+01  1.21689377e+00 
 1.10000000e+01  1.21798270e+00 
 1.00000000e+01  1.21695667e+00 
 9.00000000e+00  1.21690789e+00 
 8.00000000e+00  1.21700281e+00 
 7.00000000e+00  1.21703113e+00 
 6.00000000e+00  1.21704852e+00 
 5.00000000e+00  1.21707478e+00 
 4.00000000e+00  1.21697891e+00 
 3.00000000e+00  1.21972067e+00 
 2.00000000e+00  1.21712769e+00 
 1.00000000e+00  1.21714741e+00 
 0.00000000e+00  1.21716247e+00 
-1.00000000e+00  1.21717627e+00 
-2.00000000e+00  1.21718881e+00 
-3.00000000e+00  1.21720008e+00 
-4.00000000e+00  1.21720227e+00 
-5.00000000e+00  1.21721876e+00 
-6.00000000e+00  1.21722616e+00 
-7.00000000e+00  1.21723226e+00 
-8.00000000e+00  1.21723705e+00 
-9.00000000e+00  1.21724052e+00 
-1.00000000e+01  1.21947331e+00 
-1.10000000e+01  1.21762526e+00 
-1.20000000e+01  1.21724292e+00 
-1.30000000e+01  1.21724102e+00 
-1.40000000e+01  1.21723777e+00 
-1.50000000e+01  1.21723315e+00 
-1.60000000e+01  1.21722715e+00 
-1.70000000e+01  1.21721977e+00 
-1.80000000e+01  1.21721099e+00 
-1.90000000e+01  1.21720081e+00 
-2.00000000e+01  1.21718923e+00 
-2.10000000e+01  1.21717623e+00 
-2.20000000e+01  1.21716180e+00 
-2.30000000e+01  1.21710973e+00 
-2.40000000e+01  1.21712865e+00 
-2.50000000e+01  1.21710991e+00 
-2.60000000e+01  1.21708971e+00 
-2.70000000e+01  1.21706805e+00 
-2.80000000e+01  1.21704492e+00 
-2.90000000e+01  1.21702032e+00 
-3.00000000e+01  1.21699423e+00 
-3.10000000e+01  1.21696665e+00 
-3.20000000e+01  1.21692179e+00 
-3.30000000e+01  1.21683047e+00 
-3.40000000e+01  1.21682164e+00 
-3.50000000e+01  1.21684130e+00 
-3.60000000e+01  1.21680617e+00 
-3.70000000e+01  1.21680773e+00 
-3.80000000e+01  1.21673131e+00 
-3.90000000e+01  1.21684928e+00 
-4.00000000e+01  1.21665029e+00 
