 1.98000000e+00  1.21643678e+00 
 1.97000000e+00  1.21642881e+00 
 1.96000000e+00  1.21642105e+00 
 1.95000000e+00  1.21618256e+00 
 1.94000000e+00  1.21640623e+00 
 1.93000000e+00  1.21639368e+00 
 1.92000000e+00  1.21478004e+00 
 1.91000000e+00  1.21636356e+00 
 1.90000000e+00  1.21861071e+00 
 1.89000000e+00  1.21637393e+00 
 1.88000000e+00  1.21636367e+00 
 1.87000000e+00  1.21636331e+00 
 1.86000000e+00  1.21635858e+00 
 1.85000000e+00  1.21635427e+00 
 1.84000000e+00  1.21635042e+00 
 1.83000000e+00  1.21634705e+00 
 1.82000000e+00  1.21698313e+00 
 1.81000000e+00  1.21633281e+00 
 1.80000000e+00  1.21634020e+00 
 1.79000000e+00  1.21633913e+00 
 1.78000000e+00  1.21633875e+00 
 1.77000000e+00  1.21633911e+00 
 1.76000000e+00  1.21634026e+00 
 1.75000000e+00  1.21634227e+00 
 1.74000000e+00  1.21647035e+00 
 1.73000000e+00  1.21633833e+00 
 1.72000000e+00  1.21634448e+00 
 1.71000000e+00  1.21631514e+00 
 1.70000000e+00  1.21636781e+00 
 1.69000000e+00  1.21637665e+00 
 1.68000000e+00  1.21638701e+00 
 1.67000000e+00  1.21639900e+00 
 1.66000000e+00  1.21641280e+00 
 1.65000000e+00  1.21642857e+00 
 1.64000000e+00  1.21644650e+00 
 1.63000000e+00  1.21646681e+00 
 1.62000000e+00  1.21648559e+00 
