 1.25000000e+02  1.22294979e+00 
 1.20000000e+02  1.22478849e+00 
 1.15000000e+02  1.22512084e+00 
 1.10000000e+02  1.22629505e+00 
 1.05000000e+02  1.22574063e+00 
 1.00000000e+02  1.22607826e+00 
 9.50000000e+01  1.22630382e+00 
 9.00000000e+01  1.22666498e+00 
 8.50000000e+01  1.22799683e+00 
 8.00000000e+01  1.22896321e+00 
 7.50000000e+01  1.22793601e+00 
 7.00000000e+01  1.22880074e+00 
 6.50000000e+01  1.22786460e+00 
 6.00000000e+01  1.22803890e+00 
 5.50000000e+01  1.22850214e+00 
 5.00000000e+01  1.22803650e+00 
 4.50000000e+01  1.22847341e+00 
 4.00000000e+01  1.22856879e+00 
 3.50000000e+01  1.22863970e+00 
 3.00000000e+01  1.22859567e+00 
 2.50000000e+01  1.22870469e+00 
 2.00000000e+01  1.22869706e+00 
 1.50000000e+01  1.22872208e+00 
 1.00000000e+01  1.22824943e+00 
 5.00000000e+00  1.22850323e+00 
 0.00000000e+00  1.22837864e+00 
-5.00000000e+00  1.22822249e+00 
-1.00000000e+01  1.22809148e+00 
-1.50000000e+01  1.22775577e+00 
-2.00000000e+01  1.22748419e+00 
-2.50000000e+01  1.22786639e+00 
-3.00000000e+01  1.22693477e+00 
-3.50000000e+01  1.22668702e+00 
-4.00000000e+01  1.22616582e+00 
