 1.98000000e+00  1.23034212e+00 
 1.97000000e+00  1.23050278e+00 
 1.96000000e+00  1.23049518e+00 
 1.95000000e+00  1.23033198e+00 
 1.94000000e+00  1.23072594e+00 
 1.93000000e+00  1.23047391e+00 
 1.92000000e+00  1.23074035e+00 
 1.91000000e+00  1.23043591e+00 
 1.90000000e+00  1.23045533e+00 
 1.89000000e+00  1.23030733e+00 
 1.88000000e+00  1.23174920e+00 
 1.87000000e+00  1.23060580e+00 
 1.86000000e+00  1.23151844e+00 
 1.85000000e+00  1.23036053e+00 
 1.84000000e+00  1.23095905e+00 
 1.83000000e+00  1.23085280e+00 
 1.82000000e+00  1.23039111e+00 
 1.81000000e+00  1.22901648e+00 
 1.80000000e+00  1.23041444e+00 
 1.79000000e+00  1.23042088e+00 
 1.78000000e+00  1.23028667e+00 
 1.77000000e+00  1.23059046e+00 
 1.76000000e+00  1.23191503e+00 
 1.75000000e+00  1.23042815e+00 
 1.74000000e+00  1.23043235e+00 
 1.73000000e+00  1.23043270e+00 
 1.72000000e+00  1.23044011e+00 
 1.71000000e+00  1.23045197e+00 
 1.70000000e+00  1.23046120e+00 
 1.69000000e+00  1.23044936e+00 
 1.68000000e+00  1.23045589e+00 
 1.67000000e+00  1.23049238e+00 
 1.66000000e+00  1.23048439e+00 
 1.65000000e+00  1.23053349e+00 
 1.64000000e+00  1.23054042e+00 
 1.63000000e+00  1.23067661e+00 
 1.62000000e+00  1.23076467e+00 
