 1.25000000e+02  1.22772647e+00 
 1.20000000e+02  1.22724722e+00 
 1.15000000e+02  1.22764563e+00 
 1.10000000e+02  1.22782013e+00 
 1.05000000e+02  1.23015181e+00 
 1.00000000e+02  1.22873146e+00 
 9.50000000e+01  1.22635221e+00 
 9.00000000e+01  1.22878883e+00 
 8.50000000e+01  1.22926427e+00 
 8.00000000e+01  1.22943496e+00 
 7.50000000e+01  1.22937835e+00 
 7.00000000e+01  1.22972635e+00 
 6.50000000e+01  1.22986221e+00 
 6.00000000e+01  1.23000400e+00 
 5.50000000e+01  1.23014186e+00 
 5.00000000e+01  1.23020352e+00 
 4.50000000e+01  1.23031945e+00 
 4.00000000e+01  1.23037972e+00 
 3.50000000e+01  1.23026380e+00 
 3.00000000e+01  1.23042693e+00 
 2.50000000e+01  1.23039515e+00 
 2.00000000e+01  1.23030098e+00 
 1.50000000e+01  1.23028860e+00 
 1.00000000e+01  1.23020075e+00 
 5.00000000e+00  1.23048296e+00 
 0.00000000e+00  1.22987481e+00 
-5.00000000e+00  1.22972008e+00 
-1.00000000e+01  1.22976833e+00 
-1.50000000e+01  1.22923755e+00 
-2.00000000e+01  1.22894191e+00 
-2.50000000e+01  1.22861782e+00 
-3.00000000e+01  1.22825492e+00 
-3.50000000e+01  1.22785601e+00 
-4.00000000e+01  1.22742072e+00 
