 1.98000000e+00  1.24076441e+00 
 1.97000000e+00  1.24254390e+00 
 1.96000000e+00  1.24158301e+00 
 1.95000000e+00  1.24095942e+00 
 1.94000000e+00  1.24105281e+00 
 1.93000000e+00  1.24109174e+00 
 1.92000000e+00  1.24102134e+00 
 1.91000000e+00  1.24100561e+00 
 1.90000000e+00  1.24097430e+00 
 1.89000000e+00  1.24099279e+00 
 1.88000000e+00  1.24095903e+00 
 1.87000000e+00  1.24094375e+00 
 1.86000000e+00  1.24092861e+00 
 1.85000000e+00  1.24112340e+00 
 1.84000000e+00  1.24089883e+00 
 1.83000000e+00  1.24088422e+00 
 1.82000000e+00  1.24330938e+00 
 1.81000000e+00  1.24085567e+00 
 1.80000000e+00  1.24084177e+00 
 1.79000000e+00  1.24081370e+00 
 1.78000000e+00  1.24074481e+00 
 1.77000000e+00  1.24076352e+00 
 1.76000000e+00  1.24078937e+00 
 1.75000000e+00  1.24077722e+00 
 1.74000000e+00  1.24076554e+00 
 1.73000000e+00  1.24075436e+00 
 1.72000000e+00  1.24074374e+00 
 1.71000000e+00  1.24073373e+00 
 1.70000000e+00  1.24071093e+00 
 1.69000000e+00  1.24069790e+00 
 1.68000000e+00  1.24069606e+00 
 1.67000000e+00  1.24070113e+00 
 1.66000000e+00  1.24069524e+00 
 1.65000000e+00  1.24069045e+00 
 1.64000000e+00  1.24068688e+00 
 1.63000000e+00  1.24068465e+00 
 1.62000000e+00  1.24068391e+00 
