 1.25000000e+02  1.23851896e+00 
 1.20000000e+02  1.23986222e+00 
 1.15000000e+02  1.23918916e+00 
 1.10000000e+02  1.23948478e+00 
 1.05000000e+02  1.23970579e+00 
 1.00000000e+02  1.24104609e+00 
 9.50000000e+01  1.24017244e+00 
 9.00000000e+01  1.24053294e+00 
 8.50000000e+01  1.24049892e+00 
 8.00000000e+01  1.24129229e+00 
 7.50000000e+01  1.24083965e+00 
 7.00000000e+01  1.24106421e+00 
 6.50000000e+01  1.24112737e+00 
 6.00000000e+01  1.24111458e+00 
 5.50000000e+01  1.24091198e+00 
 5.00000000e+01  1.24120342e+00 
 4.50000000e+01  1.24126173e+00 
 4.00000000e+01  1.24111931e+00 
 3.50000000e+01  1.24109824e+00 
 3.00000000e+01  1.24092805e+00 
 2.50000000e+01  1.23945456e+00 
 2.00000000e+01  1.24059541e+00 
 1.50000000e+01  1.24031033e+00 
 1.00000000e+01  1.24013120e+00 
 5.00000000e+00  1.23973724e+00 
 0.00000000e+00  1.23953031e+00 
-5.00000000e+00  1.23913515e+00 
-1.00000000e+01  1.23878764e+00 
-1.50000000e+01  1.23844475e+00 
-2.00000000e+01  1.23789864e+00 
-2.50000000e+01  1.23739812e+00 
-3.00000000e+01  1.23685311e+00 
-3.50000000e+01  1.23625866e+00 
-4.00000000e+01  1.23566919e+00 
