 1.25000000e+02  1.22517686e+00 
 1.24000000e+02  1.22512212e+00 
 1.23000000e+02  1.22518728e+00 
 1.22000000e+02  1.22523065e+00 
 1.21000000e+02  1.22646683e+00 
 1.20000000e+02  1.22575707e+00 
 1.19000000e+02  1.22468363e+00 
 1.18000000e+02  1.22533798e+00 
 1.17000000e+02  1.22554290e+00 
 1.16000000e+02  1.22543993e+00 
 1.15000000e+02  1.22762518e+00 
 1.14000000e+02  1.22576421e+00 
 1.13000000e+02  1.22590938e+00 
 1.12000000e+02  1.22630533e+00 
 1.11000000e+02  1.22732882e+00 
 1.10000000e+02  1.22610111e+00 
 1.09000000e+02  1.22612790e+00 
 1.08000000e+02  1.22726783e+00 
 1.07000000e+02  1.22453372e+00 
 1.06000000e+02  1.22632315e+00 
 1.05000000e+02  1.22619340e+00 
 1.04000000e+02  1.22639715e+00 
 1.03000000e+02  1.22644451e+00 
 1.02000000e+02  1.22649355e+00 
 1.01000000e+02  1.22740889e+00 
 1.00000000e+02  1.22669139e+00 
 9.90000000e+01  1.22669839e+00 
 9.80000000e+01  1.22639870e+00 
 9.70000000e+01  1.22697448e+00 
 9.60000000e+01  1.22823707e+00 
 9.50000000e+01  1.22689860e+00 
 9.40000000e+01  1.22793070e+00 
 9.30000000e+01  1.22698644e+00 
 9.20000000e+01  1.22745917e+00 
 9.10000000e+01  1.22711589e+00 
 9.00000000e+01  1.22720688e+00 
 8.90000000e+01  1.22731490e+00 
 8.80000000e+01  1.22766836e+00 
 8.70000000e+01  1.22737478e+00 
 8.60000000e+01  1.22742771e+00 
 8.50000000e+01  1.22770993e+00 
 8.40000000e+01  1.22747059e+00 
 8.30000000e+01  1.22756176e+00 
 8.20000000e+01  1.22762899e+00 
 8.10000000e+01  1.22760001e+00 
 8.00000000e+01  1.22596133e+00 
 7.90000000e+01  1.22781176e+00 
 7.80000000e+01  1.22782689e+00 
 7.70000000e+01  1.22785461e+00 
 7.60000000e+01  1.22796105e+00 
 7.50000000e+01  1.22803737e+00 
 7.40000000e+01  1.22809105e+00 
 7.30000000e+01  1.22748469e+00 
 7.20000000e+01  1.22978751e+00 
 7.10000000e+01  1.22816296e+00 
 7.00000000e+01  1.22823350e+00 
 6.90000000e+01  1.22828315e+00 
 6.80000000e+01  1.22823816e+00 
 6.70000000e+01  1.22829727e+00 
 6.60000000e+01  1.22860225e+00 
 6.50000000e+01  1.22838477e+00 
 6.40000000e+01  1.22836015e+00 
 6.30000000e+01  1.22856172e+00 
 6.20000000e+01  1.22793552e+00 
 6.10000000e+01  1.22853563e+00 
 6.00000000e+01  1.22855770e+00 
 5.90000000e+01  1.22865145e+00 
 5.80000000e+01  1.22873625e+00 
 5.70000000e+01  1.22897035e+00 
 5.60000000e+01  1.22869365e+00 
 5.50000000e+01  1.22847098e+00 
 5.40000000e+01  1.22980776e+00 
 5.30000000e+01  1.22900427e+00 
 5.20000000e+01  1.22968313e+00 
 5.10000000e+01  1.22897340e+00 
 5.00000000e+01  1.22864000e+00 
 4.90000000e+01  1.22893634e+00 
 4.80000000e+01  1.22883238e+00 
 4.70000000e+01  1.23058459e+00 
 4.60000000e+01  1.22897795e+00 
 4.50000000e+01  1.22898738e+00 
 4.40000000e+01  1.22900801e+00 
 4.30000000e+01  1.22908298e+00 
 4.20000000e+01  1.22904645e+00 
 4.10000000e+01  1.22906425e+00 
 4.00000000e+01  1.22902560e+00 
 3.90000000e+01  1.22909696e+00 
 3.80000000e+01  1.22911185e+00 
 3.70000000e+01  1.22912577e+00 
 3.60000000e+01  1.22913870e+00 
 3.50000000e+01  1.22915063e+00 
 3.40000000e+01  1.22916157e+00 
 3.30000000e+01  1.22917149e+00 
 3.20000000e+01  1.22918040e+00 
 3.10000000e+01  1.22915606e+00 
 3.00000000e+01  1.22926573e+00 
 2.90000000e+01  1.22920097e+00 
 2.80000000e+01  1.22920574e+00 
 2.70000000e+01  1.22920947e+00 
 2.60000000e+01  1.22921214e+00 
 2.50000000e+01  1.23005405e+00 
 2.40000000e+01  1.22920751e+00 
 2.30000000e+01  1.22951020e+00 
 2.20000000e+01  1.22928292e+00 
 2.10000000e+01  1.22920936e+00 
 2.00000000e+01  1.22920553e+00 
 1.90000000e+01  1.22918851e+00 
 1.80000000e+01  1.22925038e+00 
 1.70000000e+01  1.23058286e+00 
 1.60000000e+01  1.22905842e+00 
 1.50000000e+01  1.22908863e+00 
 1.40000000e+01  1.22915903e+00 
 1.30000000e+01  1.22914729e+00 
 1.20000000e+01  1.22913440e+00 
 1.10000000e+01  1.22912033e+00 
 1.00000000e+01  1.22911466e+00 
 9.00000000e+00  1.22908867e+00 
 8.00000000e+00  1.22907106e+00 
 7.00000000e+00  1.22850301e+00 
 6.00000000e+00  1.23040898e+00 
 5.00000000e+00  1.22901101e+00 
 4.00000000e+00  1.22898856e+00 
 3.00000000e+00  1.23073254e+00 
 2.00000000e+00  1.22893997e+00 
 1.00000000e+00  1.22888731e+00 
 0.00000000e+00  1.22888641e+00 
-1.00000000e+00  1.22885774e+00 
-2.00000000e+00  1.22890108e+00 
-3.00000000e+00  1.22879659e+00 
-4.00000000e+00  1.22876410e+00 
-5.00000000e+00  1.22873031e+00 
-6.00000000e+00  1.22869523e+00 
-7.00000000e+00  1.22877522e+00 
-8.00000000e+00  1.22862112e+00 
-9.00000000e+00  1.22858209e+00 
-1.00000000e+01  1.22854172e+00 
-1.10000000e+01  1.22850001e+00 
-1.20000000e+01  1.22845696e+00 
-1.30000000e+01  1.22841255e+00 
-1.40000000e+01  1.22828956e+00 
-1.50000000e+01  1.22830041e+00 
-1.60000000e+01  1.22827109e+00 
-1.70000000e+01  1.22827826e+00 
-1.80000000e+01  1.22816986e+00 
-1.90000000e+01  1.22811714e+00 
-2.00000000e+01  1.22806301e+00 
-2.10000000e+01  1.22824663e+00 
-2.20000000e+01  1.22795048e+00 
-2.30000000e+01  1.22789206e+00 
-2.40000000e+01  1.22788971e+00 
-2.50000000e+01  1.22818279e+00 
-2.60000000e+01  1.22770813e+00 
-2.70000000e+01  1.22764389e+00 
-2.80000000e+01  1.22757819e+00 
-2.90000000e+01  1.22751100e+00 
-3.00000000e+01  1.22744233e+00 
-3.10000000e+01  1.22737216e+00 
-3.20000000e+01  1.22730049e+00 
-3.30000000e+01  1.22722732e+00 
-3.40000000e+01  1.22715263e+00 
-3.50000000e+01  1.22707642e+00 
-3.60000000e+01  1.22699868e+00 
-3.70000000e+01  1.22691941e+00 
-3.80000000e+01  1.22731140e+00 
-3.90000000e+01  1.22675625e+00 
-4.00000000e+01  1.22671732e+00 
