 1.98000000e+00  1.22933800e+00 
 1.97500000e+00  1.22952754e+00 
 1.97000000e+00  1.23052208e+00 
 1.96500000e+00  1.22939736e+00 
 1.96000000e+00  1.23057494e+00 
 1.95500000e+00  1.22927637e+00 
 1.95000000e+00  1.23036213e+00 
 1.94500000e+00  1.22928328e+00 
 1.94000000e+00  1.23017209e+00 
 1.93500000e+00  1.22925868e+00 
 1.93000000e+00  1.22927215e+00 
 1.92500000e+00  1.22915772e+00 
 1.92000000e+00  1.22938960e+00 
 1.91500000e+00  1.22926164e+00 
 1.91000000e+00  1.22984081e+00 
 1.90500000e+00  1.22925501e+00 
 1.90000000e+00  1.22940083e+00 
 1.89500000e+00  1.22924870e+00 
 1.89000000e+00  1.22921884e+00 
 1.88500000e+00  1.22919527e+00 
 1.88000000e+00  1.22923987e+00 
 1.87500000e+00  1.22923712e+00 
 1.87000000e+00  1.22923446e+00 
 1.86500000e+00  1.22923190e+00 
 1.86000000e+00  1.22884698e+00 
 1.85500000e+00  1.22922709e+00 
 1.85000000e+00  1.23088743e+00 
 1.84500000e+00  1.22922273e+00 
 1.84000000e+00  1.22922072e+00 
 1.83500000e+00  1.22933760e+00 
 1.83000000e+00  1.22909634e+00 
 1.82500000e+00  1.22921546e+00 
 1.82000000e+00  1.22950463e+00 
 1.81500000e+00  1.22921262e+00 
 1.81000000e+00  1.22921142e+00 
 1.80500000e+00  1.22911391e+00 
 1.80000000e+00  1.22920947e+00 
 1.79500000e+00  1.22920873e+00 
 1.79000000e+00  1.22914046e+00 
 1.78500000e+00  1.22920778e+00 
 1.78000000e+00  1.22915570e+00 
 1.77500000e+00  1.22973962e+00 
 1.77000000e+00  1.22910192e+00 
 1.76500000e+00  1.22920809e+00 
 1.76000000e+00  1.22920867e+00 
 1.75500000e+00  1.22917956e+00 
 1.75000000e+00  1.23001822e+00 
 1.74500000e+00  1.22921176e+00 
 1.74000000e+00  1.22921327e+00 
 1.73500000e+00  1.22921503e+00 
 1.73000000e+00  1.22921705e+00 
 1.72500000e+00  1.22921935e+00 
 1.72000000e+00  1.22922194e+00 
 1.71500000e+00  1.22922483e+00 
 1.71000000e+00  1.22922803e+00 
 1.70500000e+00  1.22923155e+00 
 1.70000000e+00  1.22922993e+00 
 1.69500000e+00  1.22881091e+00 
 1.69000000e+00  1.22924069e+00 
 1.68500000e+00  1.22950712e+00 
 1.68000000e+00  1.22924651e+00 
 1.67500000e+00  1.22925351e+00 
 1.67000000e+00  1.22926654e+00 
 1.66500000e+00  1.23183181e+00 
 1.66000000e+00  1.22927229e+00 
 1.65500000e+00  1.22928009e+00 
 1.65000000e+00  1.22929625e+00 
 1.64500000e+00  1.22930500e+00 
 1.64000000e+00  1.22931433e+00 
 1.63500000e+00  1.22932426e+00 
 1.63000000e+00  1.22933484e+00 
 1.62500000e+00  1.22934608e+00 
 1.62000000e+00  1.22935803e+00 
