-4.00000000e+01  1.22731620e+00 
-3.50000000e+01  1.22987340e+00 
-3.00000000e+01  1.22810519e+00 
-2.50000000e+01  1.22844296e+00 
-2.00000000e+01  1.22874299e+00 
-1.50000000e+01  1.22900553e+00 
-1.00000000e+01  1.22927078e+00 
-5.00000000e+00  1.22941969e+00 
 0.00000000e+00  1.22957252e+00 
 5.00000000e+00  1.22969016e+00 
 1.00000000e+01  1.22984732e+00 
 1.50000000e+01  1.22979075e+00 
 2.00000000e+01  1.22984101e+00 
 2.50000000e+01  1.22975970e+00 
 3.00000000e+01  1.22972011e+00 
 3.50000000e+01  1.22970877e+00 
 4.00000000e+01  1.22960627e+00 
 4.50000000e+01  1.22947612e+00 
 5.00000000e+01  1.22972896e+00 
 5.50000000e+01  1.22921156e+00 
 6.00000000e+01  1.22897780e+00 
 6.50000000e+01  1.22869752e+00 
 7.00000000e+01  1.22844294e+00 
 7.50000000e+01  1.22821938e+00 
 8.00000000e+01  1.22771312e+00 
 8.50000000e+01  1.22849708e+00 
 9.00000000e+01  1.22717862e+00 
 9.50000000e+01  1.22685803e+00 
 1.00000000e+02  1.22901246e+00 
 1.05000000e+02  1.22606449e+00 
 1.10000000e+02  1.22594403e+00 
 1.15000000e+02  1.22521089e+00 
 1.20000000e+02  1.22485893e+00 
 1.25000000e+02  1.22606719e+00 
