-4.00000000e+01  1.22614890e+00 
-3.50000000e+01  1.22655112e+00 
-3.00000000e+01  1.22688266e+00 
-2.50000000e+01  1.22811786e+00 
-2.00000000e+01  1.22742427e+00 
-1.50000000e+01  1.22764662e+00 
-1.00000000e+01  1.22798573e+00 
-5.00000000e+00  1.22829599e+00 
 0.00000000e+00  1.22834106e+00 
 5.00000000e+00  1.22847649e+00 
 1.00000000e+01  1.22867833e+00 
 1.50000000e+01  1.22866815e+00 
 2.00000000e+01  1.22872643e+00 
 2.50000000e+01  1.22905858e+00 
 3.00000000e+01  1.22877289e+00 
 3.50000000e+01  1.22876309e+00 
 4.00000000e+01  1.22873262e+00 
 4.50000000e+01  1.22868253e+00 
 5.00000000e+01  1.22861392e+00 
 5.50000000e+01  1.22852792e+00 
 6.00000000e+01  1.22827484e+00 
 6.50000000e+01  1.22830864e+00 
 7.00000000e+01  1.22871812e+00 
 7.50000000e+01  1.22877722e+00 
 8.00000000e+01  1.22790277e+00 
 8.50000000e+01  1.22747243e+00 
 9.00000000e+01  1.22748047e+00 
 9.50000000e+01  1.22911266e+00 
 1.00000000e+02  1.22717133e+00 
 1.05000000e+02  1.22619227e+00 
 1.10000000e+02  1.22683220e+00 
 1.15000000e+02  1.22668333e+00 
 1.20000000e+02  1.22670860e+00 
 1.25000000e+02  1.22653577e+00 
