-4.00000000e+01  1.22343441e+00 
-3.50000000e+01  1.22377721e+00 
-3.00000000e+01  1.22408344e+00 
-2.50000000e+01  1.22435347e+00 
-2.00000000e+01  1.22458773e+00 
-1.50000000e+01  1.22478329e+00 
-1.00000000e+01  1.22494592e+00 
-5.00000000e+00  1.22523059e+00 
 0.00000000e+00  1.22517994e+00 
 5.00000000e+00  1.22678662e+00 
 1.00000000e+01  1.22528037e+00 
 1.50000000e+01  1.22528478e+00 
 2.00000000e+01  1.22555625e+00 
 2.50000000e+01  1.22517260e+00 
 3.00000000e+01  1.22512578e+00 
 3.50000000e+01  1.22500976e+00 
 4.00000000e+01  1.22554332e+00 
 4.50000000e+01  1.22462938e+00 
 5.00000000e+01  1.22454452e+00 
 5.50000000e+01  1.22437813e+00 
 6.00000000e+01  1.22412300e+00 
 6.50000000e+01  1.22423738e+00 
 7.00000000e+01  1.22359098e+00 
 7.50000000e+01  1.22329319e+00 
 8.00000000e+01  1.22295306e+00 
 8.50000000e+01  1.22266511e+00 
 9.00000000e+01  1.22232148e+00 
 9.50000000e+01  1.22473427e+00 
 1.00000000e+02  1.22147167e+00 
 1.05000000e+02  1.22117565e+00 
 1.10000000e+02  1.22109964e+00 
 1.15000000e+02  1.22033657e+00 
 1.20000000e+02  1.21994485e+00 
 1.25000000e+02  1.21997890e+00 
