-4.00000000e+01  1.22878510e+00 
-3.50000000e+01  1.22929271e+00 
-3.00000000e+01  1.22976108e+00 
-2.50000000e+01  1.23019140e+00 
-2.00000000e+01  1.23056366e+00 
-1.50000000e+01  1.23094266e+00 
-1.00000000e+01  1.23129686e+00 
-5.00000000e+00  1.23160627e+00 
 0.00000000e+00  1.23181346e+00 
 5.00000000e+00  1.23203984e+00 
 1.00000000e+01  1.23209754e+00 
 1.50000000e+01  1.23240301e+00 
 2.00000000e+01  1.23254178e+00 
 2.50000000e+01  1.23265330e+00 
 3.00000000e+01  1.23273852e+00 
 3.50000000e+01  1.23279841e+00 
 4.00000000e+01  1.23276811e+00 
 4.50000000e+01  1.23201616e+00 
 5.00000000e+01  1.23283572e+00 
 5.50000000e+01  1.23274827e+00 
 6.00000000e+01  1.23275209e+00 
 6.50000000e+01  1.23282340e+00 
 7.00000000e+01  1.23259184e+00 
 7.50000000e+01  1.23279875e+00 
 8.00000000e+01  1.23235914e+00 
 8.50000000e+01  1.23226056e+00 
 9.00000000e+01  1.23242578e+00 
 9.50000000e+01  1.23301301e+00 
 1.00000000e+02  1.23175700e+00 
 1.05000000e+02  1.23158306e+00 
 1.10000000e+02  1.23200370e+00 
 1.15000000e+02  1.23093588e+00 
 1.20000000e+02  1.23099898e+00 
 1.25000000e+02  1.23085775e+00 
