 1.25000000e+02  1.23851896e+00 
 1.24000000e+02  1.23858310e+00 
 1.23000000e+02  1.23934378e+00 
 1.22000000e+02  1.23860571e+00 
 1.21000000e+02  1.23956068e+00 
 1.20000000e+02  1.23986222e+00 
 1.19000000e+02  1.23913177e+00 
 1.18000000e+02  1.23897072e+00 
 1.17000000e+02  1.23863323e+00 
 1.16000000e+02  1.23910508e+00 
 1.15000000e+02  1.23918916e+00 
 1.14000000e+02  1.23912108e+00 
 1.13000000e+02  1.23965051e+00 
 1.12000000e+02  1.23988499e+00 
 1.11000000e+02  1.23940360e+00 
 1.10000000e+02  1.23948478e+00 
 1.09000000e+02  1.23951783e+00 
 1.08000000e+02  1.23957380e+00 
 1.07000000e+02  1.23962898e+00 
 1.06000000e+02  1.23968659e+00 
 1.05000000e+02  1.23970579e+00 
 1.04000000e+02  1.23983600e+00 
 1.03000000e+02  1.24145846e+00 
 1.02000000e+02  1.24083802e+00 
 1.01000000e+02  1.23989177e+00 
 1.00000000e+02  1.24104609e+00 
 9.90000000e+01  1.24080252e+00 
 9.80000000e+01  1.24099914e+00 
 9.70000000e+01  1.23983737e+00 
 9.60000000e+01  1.23995727e+00 
 9.50000000e+01  1.24017244e+00 
 9.40000000e+01  1.24027083e+00 
 9.30000000e+01  1.24031408e+00 
 9.20000000e+01  1.24029977e+00 
 9.10000000e+01  1.24039782e+00 
 9.00000000e+01  1.24053294e+00 
 8.90000000e+01  1.24045627e+00 
 8.80000000e+01  1.24050284e+00 
 8.70000000e+01  1.24055755e+00 
 8.60000000e+01  1.24023319e+00 
 8.50000000e+01  1.24049892e+00 
 8.40000000e+01  1.24056956e+00 
 8.30000000e+01  1.24141532e+00 
 8.20000000e+01  1.24069555e+00 
 8.10000000e+01  1.24079737e+00 
 8.00000000e+01  1.24129229e+00 
 7.90000000e+01  1.24257451e+00 
 7.80000000e+01  1.24269495e+00 
 7.70000000e+01  1.24086290e+00 
 7.60000000e+01  1.24084958e+00 
 7.50000000e+01  1.24083965e+00 
 7.40000000e+01  1.24089088e+00 
 7.30000000e+01  1.24340268e+00 
 7.20000000e+01  1.24099954e+00 
 7.10000000e+01  1.24104681e+00 
 7.00000000e+01  1.24106421e+00 
 6.90000000e+01  1.24108359e+00 
 6.80000000e+01  1.24257612e+00 
 6.70000000e+01  1.24110065e+00 
 6.60000000e+01  1.24113845e+00 
 6.50000000e+01  1.24112737e+00 
 6.40000000e+01  1.24109585e+00 
 6.30000000e+01  1.24115413e+00 
 6.20000000e+01  1.24110542e+00 
 6.10000000e+01  1.24123734e+00 
 6.00000000e+01  1.24111458e+00 
 5.90000000e+01  1.24118550e+00 
 5.80000000e+01  1.24082208e+00 
 5.70000000e+01  1.24123113e+00 
 5.60000000e+01  1.24121270e+00 
 5.50000000e+01  1.24091198e+00 
 5.40000000e+01  1.24134420e+00 
 5.30000000e+01  1.24121537e+00 
 5.20000000e+01  1.24127992e+00 
 5.10000000e+01  1.24254091e+00 
 5.00000000e+01  1.24120342e+00 
 4.90000000e+01  1.24028890e+00 
 4.80000000e+01  1.24151308e+00 
 4.70000000e+01  1.24120569e+00 
 4.60000000e+01  1.24185137e+00 
 4.50000000e+01  1.24126173e+00 
 4.40000000e+01  1.24118222e+00 
 4.30000000e+01  1.24117201e+00 
 4.20000000e+01  1.24116060e+00 
 4.10000000e+01  1.24161877e+00 
 4.00000000e+01  1.24111931e+00 
 3.90000000e+01  1.24141103e+00 
 3.80000000e+01  1.24110281e+00 
 3.70000000e+01  1.24108531e+00 
 3.60000000e+01  1.24155451e+00 
 3.50000000e+01  1.24109824e+00 
 3.40000000e+01  1.24102540e+00 
 3.30000000e+01  1.24100295e+00 
 3.20000000e+01  1.24095002e+00 
 3.10000000e+01  1.24095428e+00 
 3.00000000e+01  1.24092805e+00 
 2.90000000e+01  1.24090057e+00 
 2.80000000e+01  1.24087181e+00 
 2.70000000e+01  1.24084177e+00 
 2.60000000e+01  1.24093197e+00 
 2.50000000e+01  1.23945456e+00 
 2.40000000e+01  1.24074397e+00 
 2.30000000e+01  1.24070879e+00 
 2.20000000e+01  1.24066001e+00 
 2.10000000e+01  1.24089168e+00 
 2.00000000e+01  1.24059541e+00 
 1.90000000e+01  1.24055499e+00 
 1.80000000e+01  1.24050920e+00 
 1.70000000e+01  1.24043191e+00 
 1.60000000e+01  1.24042121e+00 
 1.50000000e+01  1.24031033e+00 
 1.40000000e+01  1.24030876e+00 
 1.30000000e+01  1.24028458e+00 
 1.20000000e+01  1.23990418e+00 
 1.10000000e+01  1.24031852e+00 
 1.00000000e+01  1.24013120e+00 
 9.00000000e+00  1.24007735e+00 
 8.00000000e+00  1.24001600e+00 
 7.00000000e+00  1.24112638e+00 
 6.00000000e+00  1.23990754e+00 
 5.00000000e+00  1.23973724e+00 
 4.00000000e+00  1.23978740e+00 
 3.00000000e+00  1.23972523e+00 
 2.00000000e+00  1.23966167e+00 
 1.00000000e+00  1.23959669e+00 
 0.00000000e+00  1.23953031e+00 
-1.00000000e+00  1.23946250e+00 
-2.00000000e+00  1.23939327e+00 
-3.00000000e+00  1.23942540e+00 
-4.00000000e+00  1.23925053e+00 
-5.00000000e+00  1.23913515e+00 
-6.00000000e+00  1.23896678e+00 
-7.00000000e+00  1.23902068e+00 
-8.00000000e+00  1.23893827e+00 
-9.00000000e+00  1.23883607e+00 
-1.00000000e+01  1.23878764e+00 
-1.10000000e+01  1.23869497e+00 
-1.20000000e+01  1.23865843e+00 
-1.30000000e+01  1.23853649e+00 
-1.40000000e+01  1.23843759e+00 
-1.50000000e+01  1.23844475e+00 
-1.60000000e+01  1.23827206e+00 
-1.70000000e+01  1.23818094e+00 
-1.80000000e+01  1.23808834e+00 
-1.90000000e+01  1.23785056e+00 
-2.00000000e+01  1.23789864e+00 
-2.10000000e+01  1.23704872e+00 
-2.20000000e+01  1.23834988e+00 
-2.30000000e+01  1.23760285e+00 
-2.40000000e+01  1.23750124e+00 
-2.50000000e+01  1.23739812e+00 
-2.60000000e+01  1.23733797e+00 
-2.70000000e+01  1.23718735e+00 
-2.80000000e+01  1.23707969e+00 
-2.90000000e+01  1.23641358e+00 
-3.00000000e+01  1.23685311e+00 
-3.10000000e+01  1.23674761e+00 
-3.20000000e+01  1.23663388e+00 
-3.30000000e+01  1.23651862e+00 
-3.40000000e+01  1.23640185e+00 
-3.50000000e+01  1.23625866e+00 
-3.60000000e+01  1.23616373e+00 
-3.70000000e+01  1.23604238e+00 
-3.80000000e+01  1.23590632e+00 
-3.90000000e+01  1.23579511e+00 
-4.00000000e+01  1.23566919e+00 
